40.4383446
40.4383498
40.4383566
40.4383589
40.4383592
40.4383587
40.4383577
40.4383564
40.4383531
40.4383441
40.4383281
40.4383171
40.4383092
40.4382931
40.4382737
40.4382635
40.4382541
40.4382423
40.4382336
40.4382255
40.4382135
40.4382002
40.4381903
40.4381836
40.4381778
40.4381716
40.4381642
40.4381571
40.4381502
40.4381443
40.4381395
40.4381339
40.4381272
40.4381209
40.438114
40.4381073
40.438103
40.4380966
40.438089
40.4380826
40.4380721
40.4380624
40.4380514
40.4380417
40.4380321
40.4380213
40.4380111
40.4379984
40.4379902
40.4379825
40.4379762
40.437967
40.4379601
40.4379496
40.4379415
40.437932
40.4379213
40.4379124
40.4379042
40.4378983
40.4378904
40.4378815
40.4378741
40.4378695
40.4378636
40.437858
40.4378524
40.4378483
40.437845
40.4378417
40.4378381
40.4378373
40.4378381
40.4378402
40.4378412
40.4378422
40.4378442
40.4378473
40.4378511
40.4378547
40.4378598
40.4378649
40.4378705
40.4378764
40.4378825
40.4378891
40.4378955
40.4379022
40.437907
40.4379131
40.4379223
40.4379338
40.4379432
40.4379535
40.4379657
40.4379762
40.4379887
40.4380042
40.4380152
40.4380254
40.4380377
40.4380507
40.4380645
40.4380757
40.4380887
40.4380979
40.4381096
40.4381239
40.4381372
40.4381507
40.4381635
40.438179
40.4381943
40.438213
40.4382245
40.4382395
40.438252
40.4382645
40.4382778
40.4382911
40.4383008
40.4383135
40.4383278
40.4383385
40.4383452
40.4383518
40.4383554
40.4383597
40.4383633
40.4383679
40.4383697
40.4383727
40.4383763
40.438375
40.4383735
40.4383725
40.4383717
40.4383699
40.4383676
40.4383651
40.438363
40.4383612
40.4383559
40.4383498
40.4383436
40.438339
40.4383314
40.4383253
40.4383179
40.438311
40.4383025
40.4382895
40.4382768
40.4382709
40.4382622
40.4382525
40.4382387
40.4382265
40.4382145
40.4382048
40.4381964
40.4381867
40.4381783
40.4381678
40.4381594
40.4381461
40.4381364
40.4381285
40.4381186
40.4381055
40.4380913
40.4380795
40.4380688
40.4380594
40.4380507
40.4380435
40.4380354
40.4380277
40.4380224
40.438018
40.4380139
40.4380099
40.4380042
40.4379989
40.4379928
40.4379884
40.4379854
40.4379777
40.4379685
40.437957
40.4379417
40.4379313
40.437921
40.4379101
40.4378968
40.437892
40.4378879
40.4378812
40.4378761
40.4378685
40.4378634
40.437857
40.4378516
40.4378432
40.4378389
40.4378317
40.4378228
40.4378185
40.4378103
40.4378044
40.437796
40.4377899
40.4377825
40.437772
40.4377649
40.437757
40.4377503
40.4377432
40.437734
40.4377269
40.43772
40.4377103
40.4377011
40.4376927
40.437686
40.4376784
40.437671
40.4376623
40.4376544
40.4376483
40.4376411
40.4376358
40.4376309
40.4376227
40.4376128
40.4376074
40.4375957
40.437586
40.4375758
40.4375648
40.4375587
40.4375513
40.4375424
40.4375337
40.4375265
40.437523
40.4375225
40.4375225
40.4375219
40.437523
40.4375291
40.4375329
40.4375411
40.437549
40.4375595
40.4375666
40.4375766
40.4375829
40.4375936
40.4376036
40.4376118
40.4376227
40.437637
40.4376457
40.4376544
40.4376615
40.437671
40.4376786
40.4376886
40.4377006
40.4377062
40.4377197
40.4377337
40.4377468
40.4377588
40.437772
40.4377838
40.4377993
40.4378154
40.4378305
40.4378435
40.4378534
40.4378685
40.4378835
40.437896
40.4379078
40.4379218
40.4379374
40.4379504
40.4379644
40.4379787
40.4379917
40.438006
40.4380175
40.4380323
40.4380466
40.4380637
40.4380762
40.4380918
40.4381076
40.4381224
40.4381377
40.4381553
40.4381676
40.4381841
40.4382012
40.4382176
40.4382372
40.4382579
40.4382706
40.4382865
40.4382995
40.4383105
40.4383196
40.4383281
40.4383355
40.4383446
