40.437530100
40.437522000
40.437522026
40.437522053
40.437522082
40.437522111
40.437522142
40.437522175
40.437522209
40.437522244
40.437522281
40.437522319
40.437522359
40.437522400
40.437522443
40.437522488
40.437522534
40.437522582
40.437522632
40.437522683
40.437522736
40.437522792
40.437522849
40.437522907
40.437522968
40.437523031
40.437523096
40.437523163
40.437523232
40.437523303
40.437523376
40.437523451
40.437523529
40.437523608
40.437523690
40.437523775
40.437523861
40.437523950
40.437524042
40.437524136
40.437524232
40.437524331
40.437524432
40.437524536
40.437524643
40.437524752
40.437524864
40.437524979
40.437525096
40.437525216
40.437525339
40.437525465
40.437525593
40.437525725
40.437525859
40.437525997
40.437526137
40.437526281
40.437526427
40.437526577
40.437526730
40.437526886
40.437527045
40.437527207
40.437527373
40.437527542
40.437527714
40.437527890
40.437528069
40.437528252
40.437528438
40.437528627
40.437528820
40.437529017
40.437529217
40.437529421
40.437529629
40.437529840
40.437530055
40.437530274
40.437530496
40.437530723
40.437530953
40.437531187
40.437531426
40.437531668
40.437531914
40.437532164
40.437532418
40.437532677
40.437532939
40.437533206
40.437533477
40.437533752
40.437534032
40.437534315
40.437534603
40.437534896
40.437535193
40.437535494
40.437535800
40.437535800
40.437536465
40.437537164
40.437537895
40.437538658
40.437539452
40.437540277
40.437541132
40.437542017
40.437542931
40.437543873
40.437544843
40.437545841
40.437546866
40.437547917
40.437548994
40.437550095
40.437551222
40.437552372
40.437553546
40.437554743
40.437555963
40.437557204
40.437558466
40.437559750
40.437561053
40.437562376
40.437563718
40.437565078
40.437566456
40.437567852
40.437569264
40.437570693
40.437572137
40.437573597
40.437575071
40.437576559
40.437578060
40.437579575
40.437581101
40.437582640
40.437584189
40.437585750
40.437587320
40.437588900
40.437590488
40.437592086
40.437593691
40.437595303
40.437596922
40.437598547
40.437600178
40.437601814
40.437603455
40.437605099
40.437606747
40.437608397
40.437610050
40.437611704
40.437613360
40.437615016
40.437616672
40.437618328
40.437619983
40.437621636
40.437623286
40.437624934
40.437626579
40.437628220
40.437629856
40.437631487
40.437633113
40.437634732
40.437636345
40.437637951
40.437639549
40.437641138
40.437642718
40.437644289
40.437645850
40.437647401
40.437648940
40.437650468
40.437651983
40.437653485
40.437654974
40.437656449
40.437657910
40.437659355
40.437660785
40.437662198
40.437663595
40.437664975
40.437666337
40.437667680
40.437669004
40.437670309
40.437671593
40.437672857
40.437674100
40.437674100
40.437674704
40.437675300
40.437675889
40.437676470
40.437677044
40.437677612
40.437678173
40.437678727
40.437679275
40.437679817
40.437680353
40.437680884
40.437681409
40.437681930
40.437682445
40.437682955
40.437683461
40.437683963
40.437684461
40.437684955
40.437685445
40.437685932
40.437686416
40.437686896
40.437687374
40.437687850
40.437688323
40.437688794
40.437689263
40.437689730
40.437690196
40.437690661
40.437691125
40.437691587
40.437692050
40.437692512
40.437692973
40.437693435
40.437693897
40.437694360
40.437694823
40.437695287
40.437695752
40.437696219
40.437696687
40.437697157
40.437697629
40.437698103
40.437698580
40.437699059
40.437699541
40.437700027
40.437700515
40.437701007
40.437701503
40.437702003
40.437702507
40.437703015
40.437703528
40.437704045
40.437704568
40.437705096
40.437705630
40.437706169
40.437706714
40.437707265
40.437707822
40.437708387
40.437708957
40.437709535
40.437710120
40.437710712
40.437711312
40.437711920
40.437712536
40.437713160
40.437713793
40.437714435
40.437715085
40.437715744
40.437716413
40.437717092
40.437717780
40.437718478
40.437719187
40.437719905
40.437720635
40.437721375
40.437722127
40.437722890
40.437723664
40.437724450
40.437725248
40.437726059
40.437726881
40.437727716
40.437728565
40.437729426
40.437730300
40.437730300
40.437733136
40.437736154
40.437739350
40.437742722
40.437746264
40.437749974
40.437753848
40.437757881
40.437762070
40.437766411
40.437770901
40.437775535
40.437780310
40.437785223
40.437790268
40.437795443
40.437800743
40.437806166
40.437811706
40.437817361
40.437823127
40.437828999
40.437834974
40.437841049
40.437847219
40.437853480
40.437859829
40.437866263
40.437872776
40.437879367
40.437886029
40.437892761
40.437899558
40.437906417
40.437913333
40.437920302
40.437927322
40.437934388
40.437941497
40.437948644
40.437955826
40.437963039
40.437970279
40.437977543
40.437984827
40.437992126
40.437999438
40.438006759
40.438014083
40.438021409
40.438028732
40.438036048
40.438043353
40.438050645
40.438057918
40.438065169
40.438072395
40.438079591
40.438086754
40.438093880
40.438100965
40.438108005
40.438114998
40.438121938
40.438128822
40.438135646
40.438142407
40.438149101
40.438155724
40.438162272
40.438168741
40.438175128
40.438181428
40.438187639
40.438193756
40.438199775
40.438205693
40.438211506
40.438217211
40.438222802
40.438228277
40.438233632
40.438238862
40.438243965
40.438248937
40.438253773
40.438258469
40.438263023
40.438267430
40.438271687
40.438275789
40.438279734
40.438283516
40.438287133
40.438290580
40.438293855
40.438296952
40.438299868
40.438302600
40.438302600
40.438303506
40.438304400
40.438305283
40.438306156
40.438307017
40.438307868
40.438308708
40.438309537
40.438310357
40.438311165
40.438311964
40.438312753
40.438313532
40.438314300
40.438315060
40.438315809
40.438316549
40.438317280
40.438318001
40.438318713
40.438319417
40.438320111
40.438320796
40.438321473
40.438322141
40.438322801
40.438323452
40.438324095
40.438324730
40.438325357
40.438325976
40.438326587
40.438327191
40.438327787
40.438328375
40.438328956
40.438329530
40.438330097
40.438330657
40.438331210
40.438331756
40.438332295
40.438332828
40.438333354
40.438333875
40.438334388
40.438334896
40.438335398
40.438335894
40.438336384
40.438336869
40.438337348
40.438337821
40.438338289
40.438338752
40.438339210
40.438339663
40.438340112
40.438340555
40.438340994
40.438341428
40.438341858
40.438342283
40.438342705
40.438343122
40.438343535
40.438343945
40.438344351
40.438344753
40.438345152
40.438345547
40.438345939
40.438346328
40.438346714
40.438347096
40.438347477
40.438347854
40.438348229
40.438348601
40.438348971
40.438349339
40.438349704
40.438350068
40.438350429
40.438350789
40.438351147
40.438351504
40.438351859
40.438352212
40.438352565
40.438352916
40.438353266
40.438353616
40.438353965
40.438354313
40.438354660
40.438355007
40.438355354
40.438355700
40.438355700
40.438356122
40.438356540
40.438356955
40.438357365
40.438357772
40.438358175
40.438358574
40.438358969
40.438359359
40.438359746
40.438360128
40.438360506
40.438360880
40.438361249
40.438361614
40.438361974
40.438362329
40.438362680
40.438363026
40.438363367
40.438363703
40.438364034
40.438364361
40.438364682
40.438364998
40.438365309
40.438365614
40.438365914
40.438366209
40.438366498
40.438366782
40.438367060
40.438367332
40.438367599
40.438367860
40.438368115
40.438368364
40.438368607
40.438368844
40.438369074
40.438369299
40.438369517
40.438369729
40.438369935
40.438370134
40.438370327
40.438370513
40.438370692
40.438370865
40.438371031
40.438371190
40.438371342
40.438371487
40.438371626
40.438371757
40.438371880
40.438371997
40.438372106
40.438372208
40.438372303
40.438372390
40.438372469
40.438372541
40.438372605
40.438372662
40.438372710
40.438372751
40.438372784
40.438372808
40.438372825
40.438372834
40.438372834
40.438372826
40.438372809
40.438372785
40.438372751
40.438372710
40.438372659
40.438372600
40.438372533
40.438372456
40.438372371
40.438372276
40.438372173
40.438372061
40.438371939
40.438371808
40.438371668
40.438371519
40.438371361
40.438371192
40.438371015
40.438370828
40.438370631
40.438370424
40.438370208
40.438369982
40.438369746
40.438369500
40.438369500
40.438369267
40.438369024
40.438368770
40.438368504
40.438368229
40.438367943
40.438367647
40.438367340
40.438367024
40.438366698
40.438366362
40.438366016
40.438365661
40.438365297
40.438364924
40.438364542
40.438364151
40.438363751
40.438363342
40.438362925
40.438362500
40.438362067
40.438361626
40.438361177
40.438360720
40.438360255
40.438359783
40.438359304
40.438358818
40.438358325
40.438357824
40.438357317
40.438356804
40.438356284
40.438355757
40.438355225
40.438354686
40.438354142
40.438353592
40.438353036
40.438352475
40.438351908
40.438351336
40.438350760
40.438350178
40.438349591
40.438349000
40.438348405
40.438347805
40.438347201
40.438346593
40.438345981
40.438345365
40.438344745
40.438344122
40.438343496
40.438342867
40.438342234
40.438341598
40.438340960
40.438340319
40.438339676
40.438339030
40.438338382
40.438337732
40.438337080
40.438336426
40.438335771
40.438335114
40.438334455
40.438333796
40.438333135
40.438332473
40.438331811
40.438331148
40.438330484
40.438329820
40.438329156
40.438328492
40.438327827
40.438327163
40.438326499
40.438325836
40.438325173
40.438324511
40.438323850
40.438323190
40.438322531
40.438321873
40.438321217
40.438320563
40.438319910
40.438319259
40.438318610
40.438317963
40.438317318
40.438316676
40.438316037
40.438315400
40.438315400
40.438314864
40.438314325
40.438313785
40.438313241
40.438312696
40.438312148
40.438311599
40.438311047
40.438310493
40.438309936
40.438309378
40.438308818
40.438308256
40.438307691
40.438307125
40.438306557
40.438305987
40.438305416
40.438304842
40.438304267
40.438303690
40.438303112
40.438302531
40.438301949
40.438301366
40.438300781
40.438300194
40.438299606
40.438299017
40.438298426
40.438297834
40.438297240
40.438296646
40.438296049
40.438295452
40.438294853
40.438294254
40.438293653
40.438293051
40.438292448
40.438291844
40.438291239
40.438290633
40.438290026
40.438289418
40.438288809
40.438288199
40.438287589
40.438286978
40.438286366
40.438285753
40.438285140
40.438284526
40.438283912
40.438283297
40.438282681
40.438282065
40.438281449
40.438280832
40.438280214
40.438279597
40.438278979
40.438278361
40.438277742
40.438277123
40.438276504
40.438275885
40.438275266
40.438274647
40.438274028
40.438273408
40.438272789
40.438272170
40.438271551
40.438270932
40.438270313
40.438269694
40.438269076
40.438268457
40.438267839
40.438267222
40.438266605
40.438265988
40.438265371
40.438264755
40.438264140
40.438263525
40.438262911
40.438262297
40.438261684
40.438261071
40.438260460
40.438259849
40.438259238
40.438258629
40.438258020
40.438257413
40.438256806
40.438256200
40.438256200
40.438255569
40.438254937
40.438254303
40.438253669
40.438253033
40.438252396
40.438251758
40.438251120
40.438250480
40.438249839
40.438249197
40.438248554
40.438247911
40.438247266
40.438246621
40.438245975
40.438245328
40.438244681
40.438244033
40.438243384
40.438242734
40.438242085
40.438241434
40.438240783
40.438240132
40.438239480
40.438238828
40.438238175
40.438237522
40.438236869
40.438236215
40.438235562
40.438234908
40.438234254
40.438233600
40.438232945
40.438232291
40.438231637
40.438230982
40.438230328
40.438229674
40.438229019
40.438228365
40.438227711
40.438227058
40.438226404
40.438225751
40.438225098
40.438224446
40.438223794
40.438223142
40.438222491
40.438221840
40.438221190
40.438220540
40.438219891
40.438219242
40.438218595
40.438217947
40.438217301
40.438216655
40.438216010
40.438215366
40.438214723
40.438214080
40.438213439
40.438212798
40.438212158
40.438211520
40.438210882
40.438210246
40.438209610
40.438208976
40.438208343
40.438207711
40.438207081
40.438206452
40.438205824
40.438205197
40.438204572
40.438203948
40.438203326
40.438202705
40.438202085
40.438201468
40.438200851
40.438200237
40.438199624
40.438199013
40.438198403
40.438197795
40.438197189
40.438196585
40.438195983
40.438195382
40.438194784
40.438194187
40.438193593
40.438193000
40.438193000
40.438192098
40.438191200
40.438190304
40.438189410
40.438188520
40.438187633
40.438186748
40.438185866
40.438184987
40.438184110
40.438183236
40.438182365
40.438181497
40.438180631
40.438179767
40.438178907
40.438178049
40.438177193
40.438176340
40.438175489
40.438174641
40.438173796
40.438172952
40.438172112
40.438171273
40.438170437
40.438169604
40.438168772
40.438167943
40.438167116
40.438166292
40.438165470
40.438164650
40.438163832
40.438163016
40.438162203
40.438161392
40.438160583
40.438159776
40.438158971
40.438158168
40.438157367
40.438156568
40.438155771
40.438154976
40.438154183
40.438153392
40.438152603
40.438151816
40.438151030
40.438150247
40.438149465
40.438148685
40.438147907
40.438147131
40.438146356
40.438145584
40.438144812
40.438144043
40.438143275
40.438142509
40.438141744
40.438140981
40.438140220
40.438139460
40.438138702
40.438137945
40.438137190
40.438136436
40.438135684
40.438134933
40.438134183
40.438133435
40.438132688
40.438131943
40.438131199
40.438130456
40.438129714
40.438128974
40.438128235
40.438127497
40.438126760
40.438126025
40.438125291
40.438124557
40.438123825
40.438123094
40.438122364
40.438121636
40.438120908
40.438120181
40.438119455
40.438118730
40.438118006
40.438117283
40.438116561
40.438115840
40.438115120
40.438114400
40.438114400
40.438113970
40.438113541
40.438113114
40.438112688
40.438112263
40.438111840
40.438111418
40.438110997
40.438110577
40.438110159
40.438109742
40.438109326
40.438108911
40.438108497
40.438108085
40.438107673
40.438107262
40.438106853
40.438106444
40.438106036
40.438105629
40.438105223
40.438104818
40.438104414
40.438104010
40.438103607
40.438103205
40.438102804
40.438102403
40.438102003
40.438101604
40.438101205
40.438100807
40.438100409
40.438100012
40.438099615
40.438099219
40.438098823
40.438098428
40.438098033
40.438097638
40.438097244
40.438096850
40.438096456
40.438096063
40.438095669
40.438095276
40.438094883
40.438094491
40.438094098
40.438093705
40.438093312
40.438092920
40.438092527
40.438092135
40.438091742
40.438091349
40.438090956
40.438090563
40.438090170
40.438089776
40.438089383
40.438088989
40.438088594
40.438088200
40.438087805
40.438087410
40.438087014
40.438086618
40.438086221
40.438085824
40.438085427
40.438085029
40.438084630
40.438084231
40.438083831
40.438083430
40.438083029
40.438082627
40.438082225
40.438081821
40.438081417
40.438081012
40.438080607
40.438080200
40.438079792
40.438079384
40.438078974
40.438078564
40.438078153
40.438077740
40.438077327
40.438076912
40.438076496
40.438076079
40.438075661
40.438075242
40.438074822
40.438074400
40.438074400
40.438073994
40.438073589
40.438073184
40.438072781
40.438072378
40.438071975
40.438071573
40.438071172
40.438070771
40.438070370
40.438069970
40.438069571
40.438069171
40.438068772
40.438068374
40.438067976
40.438067577
40.438067180
40.438066782
40.438066384
40.438065987
40.438065589
40.438065192
40.438064794
40.438064397
40.438063999
40.438063602
40.438063204
40.438062806
40.438062408
40.438062010
40.438061611
40.438061212
40.438060813
40.438060413
40.438060013
40.438059612
40.438059211
40.438058810
40.438058408
40.438058005
40.438057602
40.438057198
40.438056793
40.438056388
40.438055982
40.438055575
40.438055167
40.438054759
40.438054349
40.438053939
40.438053528
40.438053115
40.438052702
40.438052288
40.438051872
40.438051456
40.438051038
40.438050619
40.438050199
40.438049778
40.438049355
40.438048931
40.438048506
40.438048079
40.438047651
40.438047221
40.438046790
40.438046358
40.438045923
40.438045488
40.438045050
40.438044611
40.438044170
40.438043728
40.438043284
40.438042837
40.438042390
40.438041940
40.438041488
40.438041035
40.438040579
40.438040121
40.438039662
40.438039200
40.438038736
40.438038270
40.438037802
40.438037332
40.438036859
40.438036384
40.438035907
40.438035428
40.438034946
40.438034462
40.438033975
40.438033486
40.438032994
40.438032500
40.438032500
40.438031690
40.438030871
40.438030041
40.438029201
40.438028352
40.438027494
40.438026626
40.438025749
40.438024863
40.438023969
40.438023067
40.438022156
40.438021237
40.438020310
40.438019376
40.438018435
40.438017486
40.438016530
40.438015567
40.438014598
40.438013622
40.438012640
40.438011652
40.438010658
40.438009659
40.438008654
40.438007644
40.438006629
40.438005609
40.438004584
40.438003555
40.438002522
40.438001484
40.438000443
40.437999398
40.437998350
40.437997298
40.437996244
40.437995186
40.437994126
40.437993064
40.437991999
40.437990932
40.437989863
40.437988793
40.437987721
40.437986647
40.437985573
40.437984498
40.437983422
40.437982346
40.437981269
40.437980192
40.437979116
40.437978040
40.437976964
40.437975889
40.437974815
40.437973742
40.437972670
40.437971600
40.437970531
40.437969464
40.437968400
40.437967338
40.437966278
40.437965221
40.437964167
40.437963115
40.437962068
40.437961023
40.437959983
40.437958946
40.437957913
40.437956885
40.437955861
40.437954842
40.437953827
40.437952818
40.437951814
40.437950815
40.437949822
40.437948835
40.437947854
40.437946879
40.437945911
40.437944949
40.437943994
40.437943047
40.437942106
40.437941173
40.437940248
40.437939330
40.437938420
40.437937519
40.437936626
40.437935742
40.437934866
40.437934000
40.437934000
40.437933484
40.437932968
40.437932454
40.437931940
40.437931427
40.437930914
40.437930403
40.437929892
40.437929382
40.437928873
40.437928364
40.437927857
40.437927350
40.437926844
40.437926339
40.437925835
40.437925331
40.437924829
40.437924327
40.437923826
40.437923326
40.437922827
40.437922329
40.437921831
40.437921335
40.437920839
40.437920345
40.437919851
40.437919358
40.437918867
40.437918376
40.437917886
40.437917397
40.437916909
40.437916422
40.437915936
40.437915451
40.437914967
40.437914484
40.437914002
40.437913521
40.437913041
40.437912562
40.437912084
40.437911607
40.437911131
40.437910656
40.437910182
40.437909710
40.437909238
40.437908768
40.437908298
40.437907830
40.437907363
40.437906897
40.437906432
40.437905968
40.437905505
40.437905044
40.437904583
40.437904124
40.437903666
40.437903209
40.437902753
40.437902299
40.437901846
40.437901393
40.437900942
40.437900493
40.437900044
40.437899597
40.437899151
40.437898706
40.437898263
40.437897820
40.437897379
40.437896939
40.437896501
40.437896064
40.437895628
40.437895193
40.437894760
40.437894328
40.437893897
40.437893468
40.437893040
40.437892613
40.437892188
40.437891764
40.437891341
40.437890920
40.437890500
40.437890082
40.437889664
40.437889249
40.437888834
40.437888422
40.437888010
40.437887600
40.437887600
40.437887090
40.437886580
40.437886072
40.437885564
40.437885057
40.437884551
40.437884046
40.437883541
40.437883038
40.437882536
40.437882035
40.437881535
40.437881035
40.437880538
40.437880041
40.437879546
40.437879051
40.437878558
40.437878067
40.437877577
40.437877088
40.437876601
40.437876115
40.437875630
40.437875148
40.437874666
40.437874187
40.437873709
40.437873233
40.437872758
40.437872285
40.437871814
40.437871345
40.437870878
40.437870412
40.437869949
40.437869487
40.437869028
40.437868570
40.437868115
40.437867662
40.437867211
40.437866762
40.437866315
40.437865871
40.437865428
40.437864989
40.437864551
40.437864116
40.437863683
40.437863253
40.437862826
40.437862400
40.437861978
40.437861558
40.437861141
40.437860726
40.437860314
40.437859905
40.437859498
40.437859095
40.437858694
40.437858296
40.437857901
40.437857510
40.437857121
40.437856735
40.437856352
40.437855972
40.437855596
40.437855222
40.437854852
40.437854485
40.437854121
40.437853761
40.437853404
40.437853050
40.437852700
40.437852354
40.437852010
40.437851671
40.437851334
40.437851002
40.437850673
40.437850348
40.437850026
40.437849708
40.437849395
40.437849084
40.437848778
40.437848476
40.437848177
40.437847882
40.437847592
40.437847305
40.437847023
40.437846744
40.437846470
40.437846200
40.437846200
40.437845907
40.437845619
40.437845334
40.437845053
40.437844776
40.437844503
40.437844234
40.437843969
40.437843708
40.437843450
40.437843197
40.437842947
40.437842701
40.437842459
40.437842221
40.437841987
40.437841756
40.437841530
40.437841307
40.437841088
40.437840872
40.437840661
40.437840453
40.437840249
40.437840049
40.437839852
40.437839660
40.437839471
40.437839285
40.437839104
40.437838926
40.437838752
40.437838581
40.437838414
40.437838251
40.437838091
40.437837935
40.437837783
40.437837634
40.437837489
40.437837348
40.437837210
40.437837075
40.437836945
40.437836818
40.437836694
40.437836574
40.437836457
40.437836344
40.437836235
40.437836129
40.437836027
40.437835928
40.437835832
40.437835740
40.437835652
40.437835567
40.437835485
40.437835407
40.437835332
40.437835261
40.437835193
40.437835128
40.437835067
40.437835010
40.437834955
40.437834904
40.437834857
40.437834813
40.437834772
40.437834734
40.437834700
40.437834669
40.437834641
40.437834617
40.437834596
40.437834578
40.437834564
40.437834553
40.437834545
40.437834540
40.437834539
40.437834540
40.437834545
40.437834554
40.437834565
40.437834580
40.437834597
40.437834618
40.437834642
40.437834670
40.437834700
40.437834733
40.437834770
40.437834810
40.437834853
40.437834899
40.437834948
40.437835000
40.437835000
40.437835053
40.437835111
40.437835172
40.437835239
40.437835309
40.437835383
40.437835462
40.437835545
40.437835632
40.437835723
40.437835818
40.437835916
40.437836019
40.437836126
40.437836236
40.437836350
40.437836468
40.437836590
40.437836715
40.437836844
40.437836977
40.437837113
40.437837252
40.437837395
40.437837542
40.437837692
40.437837845
40.437838001
40.437838161
40.437838323
40.437838489
40.437838658
40.437838831
40.437839006
40.437839184
40.437839365
40.437839549
40.437839736
40.437839926
40.437840118
40.437840313
40.437840511
40.437840712
40.437840915
40.437841121
40.437841329
40.437841540
40.437841753
40.437841969
40.437842187
40.437842407
40.437842630
40.437842855
40.437843082
40.437843311
40.437843542
40.437843776
40.437844011
40.437844249
40.437844488
40.437844729
40.437844972
40.437845217
40.437845464
40.437845713
40.437845963
40.437846215
40.437846468
40.437846723
40.437846980
40.437847238
40.437847497
40.437847758
40.437848021
40.437848284
40.437848549
40.437848815
40.437849083
40.437849351
40.437849621
40.437849891
40.437850163
40.437850436
40.437850710
40.437850984
40.437851260
40.437851536
40.437851813
40.437852091
40.437852369
40.437852648
40.437852928
40.437853208
40.437853489
40.437853771
40.437854052
40.437854335
40.437854617
40.437854900
40.437854900
40.437855200
40.437855502
40.437855805
40.437856110
40.437856415
40.437856723
40.437857031
40.437857341
40.437857652
40.437857965
40.437858279
40.437858595
40.437858912
40.437859230
40.437859551
40.437859872
40.437860195
40.437860520
40.437860847
40.437861175
40.437861504
40.437861835
40.437862168
40.437862503
40.437862839
40.437863177
40.437863517
40.437863859
40.437864202
40.437864547
40.437864894
40.437865243
40.437865593
40.437865945
40.437866300
40.437866656
40.437867014
40.437867374
40.437867736
40.437868100
40.437868466
40.437868834
40.437869204
40.437869576
40.437869950
40.437870326
40.437870704
40.437871084
40.437871467
40.437871851
40.437872238
40.437872627
40.437873018
40.437873412
40.437873807
40.437874205
40.437874605
40.437875008
40.437875412
40.437875819
40.437876229
40.437876641
40.437877055
40.437877471
40.437877890
40.437878312
40.437878735
40.437879162
40.437879591
40.437880022
40.437880456
40.437880892
40.437881331
40.437881772
40.437882217
40.437882663
40.437883113
40.437883565
40.437884019
40.437884477
40.437884937
40.437885399
40.437885865
40.437886333
40.437886804
40.437887278
40.437887755
40.437888234
40.437888716
40.437889202
40.437889690
40.437890181
40.437890674
40.437891171
40.437891671
40.437892174
40.437892680
40.437893188
40.437893700
40.437893700
40.437894179
40.437894660
40.437895143
40.437895629
40.437896116
40.437896606
40.437897098
40.437897593
40.437898089
40.437898588
40.437899089
40.437899592
40.437900097
40.437900605
40.437901114
40.437901626
40.437902140
40.437902657
40.437903175
40.437903696
40.437904218
40.437904743
40.437905270
40.437905799
40.437906331
40.437906864
40.437907400
40.437907938
40.437908477
40.437909020
40.437909564
40.437910110
40.437910658
40.437911209
40.437911762
40.437912317
40.437912873
40.437913432
40.437913994
40.437914557
40.437915122
40.437915690
40.437916259
40.437916831
40.437917405
40.437917980
40.437918558
40.437919138
40.437919720
40.437920304
40.437920891
40.437921479
40.437922069
40.437922662
40.437923256
40.437923852
40.437924451
40.437925052
40.437925654
40.437926259
40.437926866
40.437927474
40.437928085
40.437928698
40.437929313
40.437929930
40.437930548
40.437931169
40.437931792
40.437932417
40.437933044
40.437933673
40.437934304
40.437934937
40.437935572
40.437936209
40.437936848
40.437937489
40.437938131
40.437938776
40.437939423
40.437940072
40.437940723
40.437941375
40.437942030
40.437942687
40.437943345
40.437944006
40.437944668
40.437945333
40.437945999
40.437946668
40.437947338
40.437948010
40.437948684
40.437949360
40.437950038
40.437950718
40.437951400
40.437951400
40.437952122
40.437952845
40.437953567
40.437954290
40.437955012
40.437955735
40.437956458
40.437957182
40.437957906
40.437958630
40.437959355
40.437960081
40.437960808
40.437961535
40.437962263
40.437962992
40.437963723
40.437964454
40.437965187
40.437965920
40.437966655
40.437967392
40.437968130
40.437968869
40.437969610
40.437970353
40.437971098
40.437971844
40.437972592
40.437973343
40.437974095
40.437974849
40.437975606
40.437976365
40.437977126
40.437977889
40.437978655
40.437979424
40.437980195
40.437980969
40.437981746
40.437982525
40.437983308
40.437984093
40.437984882
40.437985673
40.437986468
40.437987266
40.437988068
40.437988872
40.437989681
40.437990493
40.437991308
40.437992127
40.437992950
40.437993777
40.437994608
40.437995443
40.437996282
40.437997125
40.437997972
40.437998823
40.437999679
40.438000539
40.438001404
40.438002274
40.438003148
40.438004026
40.438004910
40.438005798
40.438006691
40.438007590
40.438008493
40.438009402
40.438010315
40.438011234
40.438012159
40.438013089
40.438014024
40.438014965
40.438015911
40.438016864
40.438017822
40.438018786
40.438019756
40.438020732
40.438021714
40.438022702
40.438023697
40.438024697
40.438025705
40.438026718
40.438027738
40.438028765
40.438029798
40.438030838
40.438031885
40.438032939
40.438034000
40.438034000
40.438035844
40.438037730
40.438039658
40.438041627
40.438043635
40.438045683
40.438047768
40.438049891
40.438052050
40.438054245
40.438056474
40.438058736
40.438061031
40.438063358
40.438065715
40.438068103
40.438070520
40.438072964
40.438075436
40.438077934
40.438080458
40.438083006
40.438085577
40.438088172
40.438090788
40.438093425
40.438096082
40.438098758
40.438101452
40.438104163
40.438106890
40.438109634
40.438112391
40.438115162
40.438117946
40.438120742
40.438123549
40.438126365
40.438129191
40.438132025
40.438134866
40.438137713
40.438140566
40.438143424
40.438146285
40.438149149
40.438152015
40.438154881
40.438157748
40.438160614
40.438163478
40.438166339
40.438169197
40.438172050
40.438174898
40.438177740
40.438180574
40.438183400
40.438186217
40.438189025
40.438191821
40.438194606
40.438197378
40.438200136
40.438202880
40.438205609
40.438208321
40.438211016
40.438213693
40.438216351
40.438218989
40.438221607
40.438224202
40.438226775
40.438229325
40.438231850
40.438234350
40.438236823
40.438239269
40.438241688
40.438244077
40.438246436
40.438248765
40.438251062
40.438253327
40.438255557
40.438257754
40.438259915
40.438262040
40.438264128
40.438266178
40.438268189
40.438270160
40.438272091
40.438273979
40.438275826
40.438277628
40.438279387
40.438281100
40.438281100
40.438282059
40.438283011
40.438283957
40.438284897
40.438285830
40.438286757
40.438287677
40.438288592
40.438289500
40.438290402
40.438291298
40.438292188
40.438293072
40.438293950
40.438294822
40.438295688
40.438296548
40.438297402
40.438298250
40.438299093
40.438299929
40.438300761
40.438301586
40.438302406
40.438303220
40.438304028
40.438304832
40.438305629
40.438306421
40.438307208
40.438307989
40.438308765
40.438309536
40.438310301
40.438311061
40.438311816
40.438312566
40.438313311
40.438314050
40.438314785
40.438315514
40.438316239
40.438316958
40.438317673
40.438318383
40.438319088
40.438319788
40.438320483
40.438321174
40.438321860
40.438322542
40.438323218
40.438323890
40.438324558
40.438325221
40.438325880
40.438326534
40.438327184
40.438327829
40.438328471
40.438329107
40.438329740
40.438330369
40.438330993
40.438331613
40.438332229
40.438332841
40.438333449
40.438334053
40.438334653
40.438335249
40.438335841
40.438336430
40.438337014
40.438337595
40.438338172
40.438338745
40.438339315
40.438339881
40.438340444
40.438341003
40.438341558
40.438342110
40.438342659
40.438343204
40.438343746
40.438344284
40.438344819
40.438345351
40.438345880
40.438346406
40.438346928
40.438347447
40.438347964
40.438348477
40.438348987
40.438349494
40.438349999
40.438350500
40.438350500
40.438351070
40.438351632
40.438352187
40.438352734
40.438353273
40.438353805
40.438354329
40.438354846
40.438355356
40.438355859
40.438356355
40.438356843
40.438357325
40.438357800
40.438358268
40.438358729
40.438359184
40.438359632
40.438360073
40.438360508
40.438360937
40.438361360
40.438361776
40.438362186
40.438362590
40.438362989
40.438363381
40.438363768
40.438364149
40.438364524
40.438364893
40.438365257
40.438365616
40.438365969
40.438366318
40.438366660
40.438366998
40.438367331
40.438367659
40.438367981
40.438368299
40.438368613
40.438368921
40.438369225
40.438369525
40.438369820
40.438370110
40.438370397
40.438370679
40.438370957
40.438371231
40.438371501
40.438371767
40.438372030
40.438372288
40.438372543
40.438372794
40.438373042
40.438373286
40.438373527
40.438373765
40.438373999
40.438374230
40.438374458
40.438374684
40.438374906
40.438375125
40.438375342
40.438375556
40.438375767
40.438375976
40.438376182
40.438376386
40.438376588
40.438376787
40.438376985
40.438377180
40.438377373
40.438377564
40.438377753
40.438377941
40.438378127
40.438378311
40.438378494
40.438378675
40.438378855
40.438379033
40.438379211
40.438379387
40.438379562
40.438379736
40.438379909
40.438380081
40.438380252
40.438380423
40.438380593
40.438380762
40.438380931
40.438381100
40.438381100
40.438381262
40.438381421
40.438381579
40.438381734
40.438381888
40.438382039
40.438382188
40.438382334
40.438382479
40.438382621
40.438382761
40.438382899
40.438383035
40.438383168
40.438383299
40.438383428
40.438383554
40.438383678
40.438383800
40.438383919
40.438384036
40.438384150
40.438384262
40.438384371
40.438384478
40.438384582
40.438384684
40.438384783
40.438384880
40.438384974
40.438385066
40.438385155
40.438385241
40.438385325
40.438385406
40.438385484
40.438385559
40.438385632
40.438385702
40.438385770
40.438385834
40.438385896
40.438385955
40.438386011
40.438386064
40.438386115
40.438386162
40.438386207
40.438386248
40.438386287
40.438386323
40.438386355
40.438386385
40.438386412
40.438386436
40.438386456
40.438386474
40.438386488
40.438386500
40.438386508
40.438386513
40.438386515
40.438386514
40.438386509
40.438386502
40.438386491
40.438386477
40.438386459
40.438386439
40.438386415
40.438386388
40.438386357
40.438386323
40.438386285
40.438386245
40.438386200
40.438386153
40.438386102
40.438386047
40.438385989
40.438385928
40.438385863
40.438385794
40.438385722
40.438385646
40.438385567
40.438385484
40.438385397
40.438385307
40.438385213
40.438385116
40.438385014
40.438384909
40.438384800
40.438384688
40.438384572
40.438384452
40.438384328
40.438384200
40.438384200
40.438384079
40.438383957
40.438383833
40.438383708
40.438383581
40.438383452
40.438383322
40.438383190
40.438383056
40.438382921
40.438382784
40.438382645
40.438382504
40.438382361
40.438382216
40.438382069
40.438381920
40.438381769
40.438381616
40.438381460
40.438381302
40.438381142
40.438380980
40.438380815
40.438380648
40.438380478
40.438380306
40.438380132
40.438379954
40.438379775
40.438379592
40.438379407
40.438379219
40.438379028
40.438378834
40.438378638
40.438378438
40.438378236
40.438378031
40.438377822
40.438377611
40.438377396
40.438377178
40.438376957
40.438376733
40.438376505
40.438376274
40.438376040
40.438375802
40.438375561
40.438375316
40.438375067
40.438374816
40.438374560
40.438374301
40.438374038
40.438373771
40.438373500
40.438373226
40.438372947
40.438372665
40.438372379
40.438372089
40.438371794
40.438371496
40.438371193
40.438370886
40.438370575
40.438370260
40.438369940
40.438369616
40.438369288
40.438368955
40.438368618
40.438368276
40.438367929
40.438367578
40.438367222
40.438366862
40.438366497
40.438366127
40.438365752
40.438365372
40.438364988
40.438364598
40.438364204
40.438363804
40.438363399
40.438362989
40.438362574
40.438362154
40.438361729
40.438361298
40.438360862
40.438360421
40.438359974
40.438359521
40.438359063
40.438358600
40.438358600
40.438358168
40.438357732
40.438357294
40.438356853
40.438356409
40.438355961
40.438355511
40.438355057
40.438354601
40.438354141
40.438353678
40.438353212
40.438352743
40.438352271
40.438351795
40.438351316
40.438350834
40.438350348
40.438349860
40.438349368
40.438348872
40.438348374
40.438347872
40.438347366
40.438346857
40.438346345
40.438345829
40.438345310
40.438344787
40.438344261
40.438343731
40.438343198
40.438342661
40.438342120
40.438341576
40.438341029
40.438340477
40.438339922
40.438339364
40.438338802
40.438338235
40.438337666
40.438337092
40.438336515
40.438335934
40.438335349
40.438334760
40.438334168
40.438333571
40.438332971
40.438332367
40.438331758
40.438331146
40.438330530
40.438329910
40.438329286
40.438328658
40.438328026
40.438327390
40.438326750
40.438326105
40.438325457
40.438324804
40.438324148
40.438323487
40.438322822
40.438322152
40.438321479
40.438320801
40.438320119
40.438319433
40.438318742
40.438318047
40.438317348
40.438316644
40.438315936
40.438315224
40.438314507
40.438313786
40.438313060
40.438312330
40.438311595
40.438310856
40.438310112
40.438309364
40.438308611
40.438307854
40.438307092
40.438306325
40.438305554
40.438304778
40.438303997
40.438303212
40.438302422
40.438301627
40.438300827
40.438300023
40.438299214
40.438298400
40.438298400
40.438297016
40.438295594
40.438294136
40.438292642
40.438291114
40.438289552
40.438287956
40.438286329
40.438284669
40.438282979
40.438281259
40.438279509
40.438277731
40.438275926
40.438274093
40.438272235
40.438270351
40.438268443
40.438266511
40.438264557
40.438262580
40.438260582
40.438258563
40.438256525
40.438254468
40.438252393
40.438250300
40.438248191
40.438246066
40.438243926
40.438241773
40.438239605
40.438237425
40.438235234
40.438233031
40.438230818
40.438228596
40.438226365
40.438224127
40.438221881
40.438219629
40.438217372
40.438215110
40.438212844
40.438210575
40.438208304
40.438206031
40.438203758
40.438201485
40.438199213
40.438196942
40.438194674
40.438192409
40.438190149
40.438187893
40.438185643
40.438183399
40.438181163
40.438178934
40.438176715
40.438174505
40.438172306
40.438170117
40.438167941
40.438165778
40.438163628
40.438161492
40.438159372
40.438157268
40.438155180
40.438153110
40.438151059
40.438149026
40.438147014
40.438145022
40.438143052
40.438141104
40.438139179
40.438137278
40.438135402
40.438133551
40.438131727
40.438129929
40.438128160
40.438126419
40.438124707
40.438123026
40.438121376
40.438119758
40.438118172
40.438116620
40.438115102
40.438113619
40.438112172
40.438110761
40.438109388
40.438108053
40.438106756
40.438105500
40.438105500
40.438104959
40.438104422
40.438103891
40.438103365
40.438102843
40.438102327
40.438101815
40.438101308
40.438100805
40.438100307
40.438099813
40.438099324
40.438098839
40.438098359
40.438097882
40.438097410
40.438096941
40.438096477
40.438096016
40.438095559
40.438095106
40.438094657
40.438094211
40.438093769
40.438093330
40.438092894
40.438092462
40.438092033
40.438091607
40.438091184
40.438090765
40.438090348
40.438089934
40.438089522
40.438089114
40.438088708
40.438088305
40.438087904
40.438087506
40.438087110
40.438086716
40.438086324
40.438085935
40.438085548
40.438085162
40.438084779
40.438084397
40.438084017
40.438083639
40.438083263
40.438082888
40.438082514
40.438082142
40.438081772
40.438081402
40.438081034
40.438080667
40.438080301
40.438079936
40.438079571
40.438079208
40.438078845
40.438078484
40.438078122
40.438077761
40.438077401
40.438077041
40.438076682
40.438076322
40.438075963
40.438075604
40.438075245
40.438074886
40.438074527
40.438074168
40.438073808
40.438073448
40.438073088
40.438072727
40.438072366
40.438072004
40.438071641
40.438071278
40.438070913
40.438070548
40.438070182
40.438069815
40.438069446
40.438069077
40.438068706
40.438068334
40.438067960
40.438067585
40.438067209
40.438066831
40.438066451
40.438066069
40.438065685
40.438065300
40.438065300
40.438064863
40.438064425
40.438063987
40.438063549
40.438063110
40.438062672
40.438062233
40.438061794
40.438061355
40.438060915
40.438060476
40.438060037
40.438059597
40.438059158
40.438058719
40.438058279
40.438057840
40.438057401
40.438056962
40.438056523
40.438056084
40.438055646
40.438055207
40.438054769
40.438054332
40.438053894
40.438053457
40.438053020
40.438052584
40.438052148
40.438051712
40.438051277
40.438050843
40.438050409
40.438049975
40.438049542
40.438049110
40.438048678
40.438048247
40.438047816
40.438047386
40.438046957
40.438046529
40.438046101
40.438045674
40.438045248
40.438044823
40.438044399
40.438043975
40.438043553
40.438043131
40.438042711
40.438042291
40.438041872
40.438041455
40.438041038
40.438040623
40.438040209
40.438039795
40.438039383
40.438038973
40.438038563
40.438038155
40.438037748
40.438037342
40.438036938
40.438036534
40.438036133
40.438035732
40.438035334
40.438034936
40.438034540
40.438034146
40.438033753
40.438033361
40.438032972
40.438032583
40.438032197
40.438031812
40.438031429
40.438031047
40.438030667
40.438030289
40.438029913
40.438029539
40.438029166
40.438028795
40.438028426
40.438028059
40.438027694
40.438027331
40.438026970
40.438026611
40.438026254
40.438025899
40.438025546
40.438025195
40.438024847
40.438024500
40.438024500
40.438023965
40.438023440
40.438022925
40.438022419
40.438021922
40.438021434
40.438020954
40.438020484
40.438020021
40.438019566
40.438019120
40.438018681
40.438018249
40.438017825
40.438017408
40.438016998
40.438016595
40.438016198
40.438015807
40.438015423
40.438015044
40.438014671
40.438014304
40.438013941
40.438013584
40.438013232
40.438012885
40.438012542
40.438012203
40.438011868
40.438011537
40.438011210
40.438010887
40.438010567
40.438010249
40.438009935
40.438009623
40.438009314
40.438009007
40.438008703
40.438008400
40.438008099
40.438007799
40.438007500
40.438007203
40.438006907
40.438006611
40.438006316
40.438006021
40.438005726
40.438005431
40.438005135
40.438004839
40.438004543
40.438004245
40.438003947
40.438003647
40.438003345
40.438003042
40.438002737
40.438002429
40.438002120
40.438001808
40.438001493
40.438001175
40.438000854
40.438000530
40.438000202
40.437999871
40.437999536
40.437999196
40.437998852
40.437998504
40.437998151
40.437997793
40.437997429
40.437997061
40.437996687
40.437996307
40.437995922
40.437995530
40.437995132
40.437994727
40.437994315
40.437993897
40.437993472
40.437993039
40.437992598
40.437992150
40.437991694
40.437991230
40.437990758
40.437990277
40.437989787
40.437989288
40.437988780
40.437988263
40.437987736
40.437987200
40.437987200
40.437986843
40.437986484
40.437986122
40.437985759
40.437985394
40.437985026
40.437984657
40.437984285
40.437983912
40.437983536
40.437983159
40.437982780
40.437982399
40.437982016
40.437981631
40.437981245
40.437980857
40.437980466
40.437980075
40.437979681
40.437979286
40.437978889
40.437978490
40.437978090
40.437977688
40.437977284
40.437976879
40.437976473
40.437976064
40.437975655
40.437975243
40.437974831
40.437974417
40.437974001
40.437973584
40.437973165
40.437972746
40.437972324
40.437971902
40.437971478
40.437971053
40.437970627
40.437970199
40.437969770
40.437969340
40.437968909
40.437968476
40.437968043
40.437967608
40.437967172
40.437966735
40.437966298
40.437965859
40.437965419
40.437964978
40.437964536
40.437964093
40.437963649
40.437963204
40.437962758
40.437962312
40.437961864
40.437961416
40.437960967
40.437960517
40.437960066
40.437959615
40.437959163
40.437958710
40.437958257
40.437957802
40.437957348
40.437956892
40.437956436
40.437955980
40.437955522
40.437955065
40.437954606
40.437954148
40.437953688
40.437953229
40.437952769
40.437952308
40.437951847
40.437951386
40.437950924
40.437950462
40.437950000
40.437949537
40.437949074
40.437948611
40.437948148
40.437947684
40.437947221
40.437946757
40.437946293
40.437945829
40.437945364
40.437944900
40.437944900
40.437944476
40.437944050
40.437943621
40.437943191
40.437942758
40.437942323
40.437941887
40.437941448
40.437941007
40.437940565
40.437940121
40.437939675
40.437939227
40.437938777
40.437938326
40.437937874
40.437937420
40.437936964
40.437936508
40.437936049
40.437935590
40.437935129
40.437934667
40.437934204
40.437933740
40.437933275
40.437932809
40.437932342
40.437931874
40.437931405
40.437930935
40.437930465
40.437929994
40.437929523
40.437929050
40.437928578
40.437928105
40.437927631
40.437927157
40.437926683
40.437926208
40.437925734
40.437925259
40.437924784
40.437924309
40.437923834
40.437923359
40.437922884
40.437922409
40.437921935
40.437921461
40.437920987
40.437920513
40.437920040
40.437919567
40.437919095
40.437918623
40.437918152
40.437917682
40.437917212
40.437916743
40.437916275
40.437915808
40.437915341
40.437914876
40.437914412
40.437913948
40.437913486
40.437913025
40.437912566
40.437912107
40.437911650
40.437911194
40.437910740
40.437910287
40.437909836
40.437909386
40.437908938
40.437908492
40.437908048
40.437907605
40.437907164
40.437906725
40.437906288
40.437905853
40.437905420
40.437904989
40.437904560
40.437904133
40.437903709
40.437903287
40.437902867
40.437902450
40.437902035
40.437901623
40.437901213
40.437900806
40.437900402
40.437900000
