-86.944082100
-86.944031800
-86.944031271
-86.944030745
-86.944030220
-86.944029699
-86.944029179
-86.944028662
-86.944028147
-86.944027633
-86.944027122
-86.944026613
-86.944026105
-86.944025599
-86.944025095
-86.944024592
-86.944024090
-86.944023590
-86.944023092
-86.944022594
-86.944022098
-86.944021602
-86.944021108
-86.944020614
-86.944020121
-86.944019629
-86.944019138
-86.944018647
-86.944018157
-86.944017667
-86.944017177
-86.944016688
-86.944016199
-86.944015710
-86.944015221
-86.944014731
-86.944014242
-86.944013752
-86.944013262
-86.944012772
-86.944012281
-86.944011790
-86.944011298
-86.944010805
-86.944010311
-86.944009817
-86.944009322
-86.944008825
-86.944008327
-86.944007829
-86.944007329
-86.944006827
-86.944006324
-86.944005820
-86.944005314
-86.944004806
-86.944004296
-86.944003785
-86.944003272
-86.944002756
-86.944002239
-86.944001719
-86.944001197
-86.944000673
-86.944000146
-86.943999617
-86.943999086
-86.943998551
-86.943998014
-86.943997474
-86.943996932
-86.943996386
-86.943995837
-86.943995285
-86.943994730
-86.943994171
-86.943993609
-86.943993044
-86.943992475
-86.943991903
-86.943991326
-86.943990746
-86.943990162
-86.943989575
-86.943988983
-86.943988387
-86.943987787
-86.943987182
-86.943986573
-86.943985960
-86.943985343
-86.943984720
-86.943984093
-86.943983462
-86.943982825
-86.943982184
-86.943981537
-86.943980886
-86.943980229
-86.943979567
-86.943978900
-86.943978900
-86.943977466
-86.943975987
-86.943974463
-86.943972896
-86.943971286
-86.943969635
-86.943967944
-86.943966214
-86.943964445
-86.943962640
-86.943960798
-86.943958921
-86.943957011
-86.943955067
-86.943953091
-86.943951085
-86.943949048
-86.943946983
-86.943944890
-86.943942771
-86.943940625
-86.943938455
-86.943936262
-86.943934046
-86.943931808
-86.943929550
-86.943927273
-86.943924977
-86.943922663
-86.943920334
-86.943917989
-86.943915630
-86.943913257
-86.943910873
-86.943908478
-86.943906072
-86.943903657
-86.943901235
-86.943898805
-86.943896370
-86.943893929
-86.943891485
-86.943889038
-86.943886590
-86.943884140
-86.943881691
-86.943879244
-86.943876799
-86.943874357
-86.943871920
-86.943869488
-86.943867063
-86.943864646
-86.943862237
-86.943859838
-86.943857450
-86.943855073
-86.943852709
-86.943850360
-86.943848025
-86.943845706
-86.943843404
-86.943841120
-86.943838856
-86.943836611
-86.943834387
-86.943832186
-86.943830008
-86.943827854
-86.943825726
-86.943823624
-86.943821549
-86.943819503
-86.943817487
-86.943815500
-86.943813546
-86.943811624
-86.943809736
-86.943807882
-86.943806064
-86.943804283
-86.943802540
-86.943800835
-86.943799171
-86.943797547
-86.943795966
-86.943794427
-86.943792933
-86.943791484
-86.943790080
-86.943788724
-86.943787417
-86.943786158
-86.943784950
-86.943783793
-86.943782689
-86.943781638
-86.943780641
-86.943779700
-86.943779700
-86.943779254
-86.943778819
-86.943778392
-86.943777976
-86.943777568
-86.943777170
-86.943776781
-86.943776400
-86.943776029
-86.943775666
-86.943775312
-86.943774966
-86.943774628
-86.943774298
-86.943773977
-86.943773663
-86.943773357
-86.943773058
-86.943772767
-86.943772483
-86.943772207
-86.943771937
-86.943771674
-86.943771418
-86.943771169
-86.943770926
-86.943770690
-86.943770459
-86.943770235
-86.943770017
-86.943769804
-86.943769598
-86.943769396
-86.943769201
-86.943769010
-86.943768825
-86.943768644
-86.943768469
-86.943768298
-86.943768132
-86.943767970
-86.943767812
-86.943767659
-86.943767510
-86.943767365
-86.943767223
-86.943767085
-86.943766951
-86.943766820
-86.943766692
-86.943766568
-86.943766446
-86.943766327
-86.943766211
-86.943766098
-86.943765987
-86.943765878
-86.943765772
-86.943765667
-86.943765564
-86.943765463
-86.943765364
-86.943765266
-86.943765170
-86.943765075
-86.943764981
-86.943764887
-86.943764795
-86.943764703
-86.943764612
-86.943764522
-86.943764431
-86.943764341
-86.943764251
-86.943764160
-86.943764069
-86.943763978
-86.943763887
-86.943763794
-86.943763701
-86.943763607
-86.943763512
-86.943763416
-86.943763318
-86.943763219
-86.943763118
-86.943763016
-86.943762911
-86.943762805
-86.943762696
-86.943762586
-86.943762472
-86.943762356
-86.943762238
-86.943762117
-86.943761992
-86.943761865
-86.943761734
-86.943761600
-86.943761600
-86.943761177
-86.943760755
-86.943760333
-86.943759913
-86.943759493
-86.943759075
-86.943758659
-86.943758245
-86.943757833
-86.943757423
-86.943757017
-86.943756613
-86.943756213
-86.943755817
-86.943755424
-86.943755036
-86.943754653
-86.943754274
-86.943753900
-86.943753532
-86.943753169
-86.943752812
-86.943752461
-86.943752117
-86.943751779
-86.943751449
-86.943751125
-86.943750809
-86.943750502
-86.943750202
-86.943749910
-86.943749627
-86.943749354
-86.943749089
-86.943748834
-86.943748589
-86.943748353
-86.943748128
-86.943747914
-86.943747710
-86.943747518
-86.943747337
-86.943747168
-86.943747010
-86.943746865
-86.943746733
-86.943746613
-86.943746507
-86.943746413
-86.943746334
-86.943746268
-86.943746217
-86.943746180
-86.943746157
-86.943746150
-86.943746158
-86.943746182
-86.943746221
-86.943746277
-86.943746349
-86.943746437
-86.943746543
-86.943746666
-86.943746806
-86.943746964
-86.943747141
-86.943747335
-86.943747548
-86.943747780
-86.943748032
-86.943748302
-86.943748593
-86.943748903
-86.943749234
-86.943749585
-86.943749957
-86.943750350
-86.943750765
-86.943751201
-86.943751659
-86.943752140
-86.943752643
-86.943753168
-86.943753717
-86.943754289
-86.943754885
-86.943755504
-86.943756148
-86.943756816
-86.943757508
-86.943758226
-86.943758969
-86.943759737
-86.943760532
-86.943761352
-86.943762199
-86.943763072
-86.943763973
-86.943764900
-86.943764900
-86.943765225
-86.943765552
-86.943765879
-86.943766206
-86.943766535
-86.943766865
-86.943767195
-86.943767527
-86.943767860
-86.943768194
-86.943768529
-86.943768865
-86.943769203
-86.943769541
-86.943769882
-86.943770223
-86.943770566
-86.943770911
-86.943771257
-86.943771604
-86.943771953
-86.943772304
-86.943772656
-86.943773011
-86.943773367
-86.943773725
-86.943774084
-86.943774446
-86.943774810
-86.943775175
-86.943775543
-86.943775913
-86.943776285
-86.943776659
-86.943777035
-86.943777414
-86.943777795
-86.943778178
-86.943778564
-86.943778952
-86.943779342
-86.943779736
-86.943780131
-86.943780530
-86.943780931
-86.943781335
-86.943781741
-86.943782151
-86.943782563
-86.943782978
-86.943783396
-86.943783817
-86.943784242
-86.943784669
-86.943785099
-86.943785533
-86.943785969
-86.943786409
-86.943786852
-86.943787299
-86.943787749
-86.943788202
-86.943788659
-86.943789120
-86.943789584
-86.943790051
-86.943790523
-86.943790998
-86.943791476
-86.943791959
-86.943792445
-86.943792935
-86.943793430
-86.943793928
-86.943794430
-86.943794936
-86.943795446
-86.943795961
-86.943796479
-86.943797002
-86.943797529
-86.943798061
-86.943798596
-86.943799137
-86.943799681
-86.943800231
-86.943800784
-86.943801343
-86.943801906
-86.943802473
-86.943803046
-86.943803623
-86.943804205
-86.943804792
-86.943805383
-86.943805980
-86.943806582
-86.943807188
-86.943807800
-86.943807800
-86.943808559
-86.943809331
-86.943810117
-86.943810917
-86.943811730
-86.943812555
-86.943813394
-86.943814244
-86.943815107
-86.943815982
-86.943816868
-86.943817766
-86.943818674
-86.943819594
-86.943820524
-86.943821464
-86.943822414
-86.943823374
-86.943824344
-86.943825322
-86.943826310
-86.943827306
-86.943828310
-86.943829323
-86.943830343
-86.943831372
-86.943832407
-86.943833450
-86.943834499
-86.943835555
-86.943836617
-86.943837685
-86.943838759
-86.943839838
-86.943840923
-86.943842012
-86.943843106
-86.943844205
-86.943845308
-86.943846414
-86.943847524
-86.943848638
-86.943849754
-86.943850874
-86.943851996
-86.943853120
-86.943854246
-86.943855374
-86.943856504
-86.943857635
-86.943858766
-86.943859899
-86.943861031
-86.943862164
-86.943863297
-86.943864430
-86.943865561
-86.943866692
-86.943867822
-86.943868950
-86.943870077
-86.943871202
-86.943872324
-86.943873444
-86.943874561
-86.943875675
-86.943876786
-86.943877893
-86.943878997
-86.943880096
-86.943881191
-86.943882281
-86.943883367
-86.943884447
-86.943885522
-86.943886591
-86.943887654
-86.943888711
-86.943889761
-86.943890805
-86.943891842
-86.943892871
-86.943893893
-86.943894907
-86.943895913
-86.943896911
-86.943897900
-86.943898880
-86.943899851
-86.943900813
-86.943901765
-86.943902707
-86.943903639
-86.943904560
-86.943905470
-86.943906370
-86.943907258
-86.943908135
-86.943909000
-86.943909000
-86.943909778
-86.943910557
-86.943911337
-86.943912118
-86.943912900
-86.943913682
-86.943914466
-86.943915249
-86.943916034
-86.943916818
-86.943917603
-86.943918387
-86.943919172
-86.943919956
-86.943920740
-86.943921523
-86.943922306
-86.943923088
-86.943923870
-86.943924650
-86.943925429
-86.943926207
-86.943926984
-86.943927759
-86.943928532
-86.943929304
-86.943930074
-86.943930842
-86.943931608
-86.943932372
-86.943933134
-86.943933893
-86.943934649
-86.943935403
-86.943936154
-86.943936902
-86.943937647
-86.943938388
-86.943939127
-86.943939862
-86.943940593
-86.943941321
-86.943942045
-86.943942765
-86.943943480
-86.943944192
-86.943944900
-86.943945603
-86.943946301
-86.943946995
-86.943947684
-86.943948368
-86.943949047
-86.943949721
-86.943950389
-86.943951053
-86.943951710
-86.943952362
-86.943953008
-86.943953649
-86.943954283
-86.943954911
-86.943955533
-86.943956148
-86.943956757
-86.943957359
-86.943957955
-86.943958544
-86.943959125
-86.943959700
-86.943960267
-86.943960827
-86.943961379
-86.943961924
-86.943962461
-86.943962990
-86.943963511
-86.943964024
-86.943964528
-86.943965025
-86.943965512
-86.943965992
-86.943966462
-86.943966924
-86.943967376
-86.943967820
-86.943968254
-86.943968679
-86.943969094
-86.943969500
-86.943969896
-86.943970282
-86.943970659
-86.943971025
-86.943971381
-86.943971726
-86.943972062
-86.943972386
-86.943972700
-86.943972700
-86.943972954
-86.943973199
-86.943973433
-86.943973657
-86.943973871
-86.943974076
-86.943974271
-86.943974457
-86.943974634
-86.943974802
-86.943974961
-86.943975112
-86.943975254
-86.943975388
-86.943975514
-86.943975632
-86.943975743
-86.943975845
-86.943975941
-86.943976029
-86.943976110
-86.943976185
-86.943976252
-86.943976313
-86.943976368
-86.943976417
-86.943976459
-86.943976496
-86.943976527
-86.943976553
-86.943976573
-86.943976588
-86.943976599
-86.943976604
-86.943976605
-86.943976601
-86.943976593
-86.943976581
-86.943976565
-86.943976545
-86.943976522
-86.943976495
-86.943976465
-86.943976432
-86.943976396
-86.943976357
-86.943976316
-86.943976272
-86.943976227
-86.943976179
-86.943976129
-86.943976077
-86.943976024
-86.943975970
-86.943975914
-86.943975857
-86.943975800
-86.943975742
-86.943975683
-86.943975624
-86.943975565
-86.943975506
-86.943975447
-86.943975388
-86.943975330
-86.943975273
-86.943975217
-86.943975161
-86.943975107
-86.943975054
-86.943975003
-86.943974953
-86.943974906
-86.943974860
-86.943974817
-86.943974776
-86.943974738
-86.943974702
-86.943974670
-86.943974640
-86.943974614
-86.943974591
-86.943974572
-86.943974557
-86.943974546
-86.943974539
-86.943974536
-86.943974537
-86.943974543
-86.943974555
-86.943974571
-86.943974592
-86.943974619
-86.943974651
-86.943974688
-86.943974732
-86.943974782
-86.943974838
-86.943974900
-86.943974900
-86.943974966
-86.943975029
-86.943975088
-86.943975143
-86.943975195
-86.943975244
-86.943975290
-86.943975333
-86.943975373
-86.943975411
-86.943975446
-86.943975479
-86.943975509
-86.943975538
-86.943975565
-86.943975590
-86.943975614
-86.943975636
-86.943975657
-86.943975677
-86.943975696
-86.943975714
-86.943975731
-86.943975748
-86.943975764
-86.943975780
-86.943975796
-86.943975813
-86.943975829
-86.943975846
-86.943975863
-86.943975881
-86.943975900
-86.943975919
-86.943975940
-86.943975962
-86.943975985
-86.943976010
-86.943976037
-86.943976065
-86.943976096
-86.943976128
-86.943976163
-86.943976200
-86.943976240
-86.943976283
-86.943976328
-86.943976376
-86.943976428
-86.943976483
-86.943976541
-86.943976603
-86.943976669
-86.943976739
-86.943976812
-86.943976890
-86.943976972
-86.943977059
-86.943977150
-86.943977246
-86.943977347
-86.943977453
-86.943977565
-86.943977682
-86.943977804
-86.943977932
-86.943978065
-86.943978205
-86.943978351
-86.943978503
-86.943978661
-86.943978827
-86.943978998
-86.943979177
-86.943979362
-86.943979555
-86.943979755
-86.943979963
-86.943980178
-86.943980401
-86.943980631
-86.943980870
-86.943981117
-86.943981372
-86.943981636
-86.943981908
-86.943982189
-86.943982479
-86.943982778
-86.943983087
-86.943983404
-86.943983731
-86.943984068
-86.943984415
-86.943984771
-86.943985138
-86.943985515
-86.943985902
-86.943986300
-86.943986300
-86.943986933
-86.943987602
-86.943988304
-86.943989041
-86.943989810
-86.943990612
-86.943991446
-86.943992310
-86.943993205
-86.943994130
-86.943995084
-86.943996066
-86.943997076
-86.943998112
-86.943999175
-86.944000264
-86.944001378
-86.944002516
-86.944003677
-86.944004862
-86.944006069
-86.944007297
-86.944008547
-86.944009817
-86.944011106
-86.944012414
-86.944013741
-86.944015085
-86.944016446
-86.944017823
-86.944019216
-86.944020624
-86.944022046
-86.944023482
-86.944024930
-86.944026391
-86.944027863
-86.944029347
-86.944030840
-86.944032343
-86.944033855
-86.944035375
-86.944036902
-86.944038436
-86.944039977
-86.944041523
-86.944043074
-86.944044628
-86.944046187
-86.944047748
-86.944049312
-86.944050876
-86.944052442
-86.944054008
-86.944055573
-86.944057137
-86.944058699
-86.944060259
-86.944061815
-86.944063367
-86.944064915
-86.944066458
-86.944067994
-86.944069524
-86.944071047
-86.944072562
-86.944074068
-86.944075565
-86.944077052
-86.944078529
-86.944079994
-86.944081447
-86.944082887
-86.944084314
-86.944085728
-86.944087126
-86.944088509
-86.944089876
-86.944091227
-86.944092560
-86.944093875
-86.944095171
-86.944096449
-86.944097706
-86.944098942
-86.944100157
-86.944101350
-86.944102520
-86.944103667
-86.944104789
-86.944105887
-86.944106960
-86.944108006
-86.944109026
-86.944110018
-86.944110983
-86.944111918
-86.944112824
-86.944113700
-86.944113700
-86.944114216
-86.944114732
-86.944115249
-86.944115765
-86.944116282
-86.944116798
-86.944117315
-86.944117831
-86.944118346
-86.944118861
-86.944119376
-86.944119889
-86.944120402
-86.944120914
-86.944121425
-86.944121935
-86.944122443
-86.944122950
-86.944123456
-86.944123960
-86.944124462
-86.944124963
-86.944125461
-86.944125958
-86.944126452
-86.944126945
-86.944127435
-86.944127922
-86.944128407
-86.944128889
-86.944129368
-86.944129845
-86.944130319
-86.944130789
-86.944131256
-86.944131720
-86.944132181
-86.944132638
-86.944133091
-86.944133541
-86.944133987
-86.944134429
-86.944134867
-86.944135300
-86.944135730
-86.944136155
-86.944136575
-86.944136991
-86.944137402
-86.944137809
-86.944138210
-86.944138607
-86.944138998
-86.944139384
-86.944139765
-86.944140140
-86.944140510
-86.944140874
-86.944141233
-86.944141585
-86.944141931
-86.944142272
-86.944142606
-86.944142934
-86.944143255
-86.944143570
-86.944143878
-86.944144180
-86.944144475
-86.944144762
-86.944145043
-86.944145317
-86.944145583
-86.944145842
-86.944146093
-86.944146337
-86.944146573
-86.944146801
-86.944147021
-86.944147234
-86.944147438
-86.944147634
-86.944147821
-86.944148001
-86.944148171
-86.944148333
-86.944148486
-86.944148630
-86.944148766
-86.944148892
-86.944149009
-86.944149116
-86.944149215
-86.944149303
-86.944149382
-86.944149452
-86.944149511
-86.944149561
-86.944149600
-86.944149600
-86.944149628
-86.944149646
-86.944149654
-86.944149652
-86.944149640
-86.944149619
-86.944149588
-86.944149548
-86.944149499
-86.944149441
-86.944149373
-86.944149297
-86.944149212
-86.944149118
-86.944149016
-86.944148906
-86.944148787
-86.944148661
-86.944148526
-86.944148383
-86.944148233
-86.944148075
-86.944147909
-86.944147737
-86.944147556
-86.944147369
-86.944147175
-86.944146974
-86.944146766
-86.944146552
-86.944146331
-86.944146103
-86.944145870
-86.944145630
-86.944145384
-86.944145132
-86.944144875
-86.944144612
-86.944144343
-86.944144069
-86.944143790
-86.944143506
-86.944143216
-86.944142922
-86.944142623
-86.944142319
-86.944142011
-86.944141698
-86.944141381
-86.944141060
-86.944140735
-86.944140406
-86.944140073
-86.944139736
-86.944139396
-86.944139052
-86.944138706
-86.944138356
-86.944138003
-86.944137647
-86.944137288
-86.944136926
-86.944136562
-86.944136196
-86.944135827
-86.944135456
-86.944135083
-86.944134709
-86.944134332
-86.944133953
-86.944133573
-86.944133192
-86.944132809
-86.944132425
-86.944132040
-86.944131654
-86.944131268
-86.944130880
-86.944130492
-86.944130104
-86.944129715
-86.944129326
-86.944128937
-86.944128547
-86.944128159
-86.944127770
-86.944127382
-86.944126994
-86.944126607
-86.944126221
-86.944125835
-86.944125451
-86.944125068
-86.944124686
-86.944124305
-86.944123927
-86.944123549
-86.944123174
-86.944122800
-86.944122800
-86.944122183
-86.944121544
-86.944120881
-86.944120197
-86.944119491
-86.944118765
-86.944118018
-86.944117252
-86.944116466
-86.944115662
-86.944114839
-86.944113999
-86.944113142
-86.944112269
-86.944111380
-86.944110475
-86.944109556
-86.944108622
-86.944107675
-86.944106714
-86.944105741
-86.944104756
-86.944103760
-86.944102752
-86.944101734
-86.944100707
-86.944099670
-86.944098624
-86.944097570
-86.944096508
-86.944095440
-86.944094365
-86.944093283
-86.944092197
-86.944091105
-86.944090010
-86.944088910
-86.944087807
-86.944086702
-86.944085594
-86.944084485
-86.944083375
-86.944082264
-86.944081154
-86.944080044
-86.944078935
-86.944077828
-86.944076723
-86.944075621
-86.944074523
-86.944073428
-86.944072338
-86.944071253
-86.944070173
-86.944069100
-86.944068033
-86.944066974
-86.944065922
-86.944064879
-86.944063844
-86.944062819
-86.944061804
-86.944060800
-86.944059806
-86.944058824
-86.944057855
-86.944056898
-86.944055954
-86.944055025
-86.944054109
-86.944053209
-86.944052324
-86.944051455
-86.944050603
-86.944049768
-86.944048950
-86.944048151
-86.944047371
-86.944046610
-86.944045869
-86.944045148
-86.944044448
-86.944043770
-86.944043114
-86.944042481
-86.944041871
-86.944041284
-86.944040722
-86.944040185
-86.944039673
-86.944039187
-86.944038728
-86.944038295
-86.944037890
-86.944037514
-86.944037166
-86.944036847
-86.944036558
-86.944036300
-86.944036300
-86.944036157
-86.944036020
-86.944035887
-86.944035761
-86.944035639
-86.944035523
-86.944035413
-86.944035307
-86.944035207
-86.944035112
-86.944035023
-86.944034938
-86.944034859
-86.944034785
-86.944034716
-86.944034652
-86.944034593
-86.944034539
-86.944034490
-86.944034445
-86.944034406
-86.944034372
-86.944034343
-86.944034318
-86.944034299
-86.944034284
-86.944034274
-86.944034268
-86.944034268
-86.944034272
-86.944034280
-86.944034294
-86.944034312
-86.944034334
-86.944034361
-86.944034393
-86.944034429
-86.944034469
-86.944034514
-86.944034564
-86.944034618
-86.944034676
-86.944034738
-86.944034805
-86.944034876
-86.944034951
-86.944035031
-86.944035114
-86.944035202
-86.944035294
-86.944035390
-86.944035491
-86.944035595
-86.944035703
-86.944035815
-86.944035932
-86.944036052
-86.944036176
-86.944036304
-86.944036436
-86.944036571
-86.944036711
-86.944036854
-86.944037001
-86.944037152
-86.944037307
-86.944037465
-86.944037626
-86.944037792
-86.944037961
-86.944038133
-86.944038310
-86.944038489
-86.944038672
-86.944038859
-86.944039049
-86.944039242
-86.944039439
-86.944039639
-86.944039842
-86.944040049
-86.944040259
-86.944040472
-86.944040688
-86.944040908
-86.944041131
-86.944041356
-86.944041585
-86.944041817
-86.944042052
-86.944042290
-86.944042531
-86.944042775
-86.944043022
-86.944043272
-86.944043525
-86.944043780
-86.944044039
-86.944044300
-86.944044300
-86.944044632
-86.944044974
-86.944045325
-86.944045685
-86.944046054
-86.944046432
-86.944046819
-86.944047215
-86.944047619
-86.944048032
-86.944048453
-86.944048882
-86.944049320
-86.944049765
-86.944050218
-86.944050680
-86.944051149
-86.944051625
-86.944052109
-86.944052600
-86.944053099
-86.944053604
-86.944054117
-86.944054636
-86.944055162
-86.944055695
-86.944056235
-86.944056780
-86.944057332
-86.944057891
-86.944058455
-86.944059025
-86.944059601
-86.944060183
-86.944060770
-86.944061363
-86.944061961
-86.944062564
-86.944063173
-86.944063787
-86.944064405
-86.944065028
-86.944065656
-86.944066289
-86.944066925
-86.944067567
-86.944068212
-86.944068862
-86.944069515
-86.944070173
-86.944070834
-86.944071498
-86.944072167
-86.944072838
-86.944073513
-86.944074191
-86.944074872
-86.944075556
-86.944076243
-86.944076933
-86.944077625
-86.944078320
-86.944079017
-86.944079716
-86.944080417
-86.944081121
-86.944081826
-86.944082533
-86.944083242
-86.944083952
-86.944084663
-86.944085376
-86.944086091
-86.944086806
-86.944087522
-86.944088239
-86.944088957
-86.944089675
-86.944090394
-86.944091114
-86.944091833
-86.944092553
-86.944093273
-86.944093992
-86.944094712
-86.944095431
-86.944096150
-86.944096868
-86.944097586
-86.944098302
-86.944099018
-86.944099733
-86.944100447
-86.944101160
-86.944101871
-86.944102581
-86.944103289
-86.944103995
-86.944104700
-86.944104700
-86.944105476
-86.944106258
-86.944107044
-86.944107836
-86.944108632
-86.944109434
-86.944110239
-86.944111050
-86.944111865
-86.944112685
-86.944113509
-86.944114337
-86.944115169
-86.944116006
-86.944116846
-86.944117690
-86.944118538
-86.944119390
-86.944120246
-86.944121105
-86.944121967
-86.944122833
-86.944123702
-86.944124575
-86.944125450
-86.944126329
-86.944127210
-86.944128094
-86.944128981
-86.944129871
-86.944130763
-86.944131657
-86.944132554
-86.944133454
-86.944134355
-86.944135259
-86.944136164
-86.944137072
-86.944137981
-86.944138892
-86.944139805
-86.944140719
-86.944141635
-86.944142552
-86.944143471
-86.944144390
-86.944145311
-86.944146233
-86.944147156
-86.944148079
-86.944149004
-86.944149929
-86.944150854
-86.944151780
-86.944152707
-86.944153634
-86.944154561
-86.944155488
-86.944156415
-86.944157342
-86.944158269
-86.944159196
-86.944160122
-86.944161048
-86.944161974
-86.944162899
-86.944163823
-86.944164746
-86.944165669
-86.944166591
-86.944167511
-86.944168431
-86.944169349
-86.944170266
-86.944171181
-86.944172095
-86.944173008
-86.944173919
-86.944174828
-86.944175735
-86.944176640
-86.944177543
-86.944178444
-86.944179343
-86.944180240
-86.944181134
-86.944182026
-86.944182915
-86.944183801
-86.944184685
-86.944185566
-86.944186444
-86.944187319
-86.944188191
-86.944189059
-86.944189925
-86.944190787
-86.944191645
-86.944192500
-86.944192500
-86.944193309
-86.944194116
-86.944194923
-86.944195728
-86.944196532
-86.944197335
-86.944198138
-86.944198939
-86.944199739
-86.944200538
-86.944201337
-86.944202134
-86.944202930
-86.944203726
-86.944204520
-86.944205314
-86.944206107
-86.944206899
-86.944207690
-86.944208480
-86.944209270
-86.944210058
-86.944210846
-86.944211633
-86.944212420
-86.944213205
-86.944213990
-86.944214774
-86.944215558
-86.944216341
-86.944217123
-86.944217905
-86.944218685
-86.944219466
-86.944220245
-86.944221025
-86.944221803
-86.944222581
-86.944223359
-86.944224136
-86.944224912
-86.944225688
-86.944226463
-86.944227238
-86.944228013
-86.944228787
-86.944229561
-86.944230334
-86.944231107
-86.944231880
-86.944232652
-86.944233424
-86.944234195
-86.944234966
-86.944235737
-86.944236508
-86.944237278
-86.944238049
-86.944238818
-86.944239588
-86.944240358
-86.944241127
-86.944241896
-86.944242665
-86.944243434
-86.944244203
-86.944244971
-86.944245740
-86.944246508
-86.944247277
-86.944248045
-86.944248813
-86.944249582
-86.944250350
-86.944251118
-86.944251886
-86.944252655
-86.944253423
-86.944254192
-86.944254960
-86.944255729
-86.944256498
-86.944257267
-86.944258036
-86.944258805
-86.944259574
-86.944260344
-86.944261114
-86.944261884
-86.944262654
-86.944263425
-86.944264195
-86.944264967
-86.944265738
-86.944266510
-86.944267282
-86.944268054
-86.944268827
-86.944269600
-86.944269600
-86.944270420
-86.944271243
-86.944272068
-86.944272895
-86.944273725
-86.944274556
-86.944275389
-86.944276224
-86.944277061
-86.944277900
-86.944278740
-86.944279582
-86.944280425
-86.944281270
-86.944282116
-86.944282963
-86.944283812
-86.944284661
-86.944285512
-86.944286363
-86.944287216
-86.944288069
-86.944288923
-86.944289777
-86.944290632
-86.944291488
-86.944292344
-86.944293200
-86.944294057
-86.944294914
-86.944295771
-86.944296628
-86.944297484
-86.944298341
-86.944299198
-86.944300054
-86.944300910
-86.944301765
-86.944302620
-86.944303475
-86.944304329
-86.944305182
-86.944306034
-86.944306885
-86.944307736
-86.944308585
-86.944309433
-86.944310280
-86.944311126
-86.944311970
-86.944312813
-86.944313654
-86.944314494
-86.944315333
-86.944316169
-86.944317004
-86.944317837
-86.944318667
-86.944319496
-86.944320323
-86.944321147
-86.944321970
-86.944322789
-86.944323607
-86.944324422
-86.944325234
-86.944326044
-86.944326851
-86.944327655
-86.944328457
-86.944329255
-86.944330050
-86.944330843
-86.944331632
-86.944332418
-86.944333200
-86.944333979
-86.944334755
-86.944335527
-86.944336295
-86.944337060
-86.944337821
-86.944338578
-86.944339331
-86.944340080
-86.944340824
-86.944341565
-86.944342302
-86.944343034
-86.944343761
-86.944344485
-86.944345203
-86.944345917
-86.944346627
-86.944347331
-86.944348031
-86.944348726
-86.944349415
-86.944350100
-86.944350100
-86.944350734
-86.944351366
-86.944351996
-86.944352624
-86.944353250
-86.944353874
-86.944354496
-86.944355116
-86.944355734
-86.944356349
-86.944356963
-86.944357575
-86.944358185
-86.944358793
-86.944359399
-86.944360002
-86.944360604
-86.944361203
-86.944361800
-86.944362395
-86.944362988
-86.944363579
-86.944364167
-86.944364754
-86.944365338
-86.944365920
-86.944366500
-86.944367077
-86.944367653
-86.944368226
-86.944368797
-86.944369365
-86.944369931
-86.944370495
-86.944371057
-86.944371616
-86.944372173
-86.944372728
-86.944373280
-86.944373830
-86.944374378
-86.944374923
-86.944375466
-86.944376007
-86.944376545
-86.944377080
-86.944377613
-86.944378144
-86.944378672
-86.944379198
-86.944379721
-86.944380242
-86.944380760
-86.944381276
-86.944381789
-86.944382300
-86.944382808
-86.944383314
-86.944383817
-86.944384317
-86.944384815
-86.944385310
-86.944385803
-86.944386293
-86.944386780
-86.944387265
-86.944387747
-86.944388226
-86.944388703
-86.944389177
-86.944389648
-86.944390117
-86.944390582
-86.944391045
-86.944391506
-86.944391963
-86.944392418
-86.944392870
-86.944393319
-86.944393766
-86.944394209
-86.944394650
-86.944395088
-86.944395523
-86.944395955
-86.944396385
-86.944396811
-86.944397235
-86.944397656
-86.944398073
-86.944398488
-86.944398900
-86.944399309
-86.944399715
-86.944400118
-86.944400518
-86.944400915
-86.944401309
-86.944401700
-86.944401700
-86.944402111
-86.944402521
-86.944402930
-86.944403337
-86.944403742
-86.944404146
-86.944404548
-86.944404948
-86.944405346
-86.944405743
-86.944406137
-86.944406530
-86.944406921
-86.944407310
-86.944407697
-86.944408081
-86.944408464
-86.944408844
-86.944409222
-86.944409597
-86.944409971
-86.944410341
-86.944410710
-86.944411076
-86.944411439
-86.944411800
-86.944412158
-86.944412513
-86.944412866
-86.944413216
-86.944413563
-86.944413907
-86.944414248
-86.944414586
-86.944414922
-86.944415254
-86.944415583
-86.944415909
-86.944416231
-86.944416551
-86.944416867
-86.944417179
-86.944417489
-86.944417795
-86.944418097
-86.944418396
-86.944418691
-86.944418982
-86.944419270
-86.944419554
-86.944419835
-86.944420111
-86.944420384
-86.944420652
-86.944420917
-86.944421178
-86.944421434
-86.944421687
-86.944421935
-86.944422179
-86.944422419
-86.944422654
-86.944422886
-86.944423112
-86.944423335
-86.944423552
-86.944423766
-86.944423974
-86.944424178
-86.944424377
-86.944424572
-86.944424762
-86.944424947
-86.944425127
-86.944425302
-86.944425472
-86.944425637
-86.944425797
-86.944425952
-86.944426101
-86.944426246
-86.944426385
-86.944426519
-86.944426648
-86.944426771
-86.944426888
-86.944427001
-86.944427107
-86.944427208
-86.944427304
-86.944427393
-86.944427477
-86.944427555
-86.944427628
-86.944427694
-86.944427755
-86.944427809
-86.944427858
-86.944427900
-86.944427900
-86.944427945
-86.944427947
-86.944427907
-86.944427824
-86.944427701
-86.944427539
-86.944427337
-86.944427098
-86.944426822
-86.944426510
-86.944426163
-86.944425782
-86.944425368
-86.944424922
-86.944424444
-86.944423936
-86.944423399
-86.944422833
-86.944422240
-86.944421621
-86.944420976
-86.944420306
-86.944419612
-86.944418896
-86.944418158
-86.944417399
-86.944416620
-86.944415822
-86.944415006
-86.944414173
-86.944413324
-86.944412460
-86.944411581
-86.944410689
-86.944409785
-86.944408869
-86.944407942
-86.944407006
-86.944406062
-86.944405109
-86.944404150
-86.944403186
-86.944402216
-86.944401242
-86.944400266
-86.944399287
-86.944398307
-86.944397327
-86.944396348
-86.944395371
-86.944394396
-86.944393425
-86.944392458
-86.944391497
-86.944390543
-86.944389595
-86.944388656
-86.944387727
-86.944386807
-86.944385899
-86.944385003
-86.944384119
-86.944383250
-86.944382396
-86.944381557
-86.944380735
-86.944379931
-86.944379146
-86.944378380
-86.944377635
-86.944376912
-86.944376210
-86.944375532
-86.944374879
-86.944374251
-86.944373649
-86.944373074
-86.944372527
-86.944372009
-86.944371521
-86.944371064
-86.944370639
-86.944370247
-86.944369889
-86.944369565
-86.944369277
-86.944369025
-86.944368811
-86.944368635
-86.944368499
-86.944368403
-86.944368348
-86.944368336
-86.944368366
-86.944368441
-86.944368561
-86.944368727
-86.944368939
-86.944369200
-86.944369200
-86.944369366
-86.944369538
-86.944369718
-86.944369905
-86.944370098
-86.944370299
-86.944370506
-86.944370720
-86.944370941
-86.944371168
-86.944371403
-86.944371643
-86.944371891
-86.944372145
-86.944372405
-86.944372672
-86.944372946
-86.944373226
-86.944373512
-86.944373804
-86.944374103
-86.944374408
-86.944374719
-86.944375036
-86.944375360
-86.944375689
-86.944376025
-86.944376366
-86.944376714
-86.944377067
-86.944377426
-86.944377792
-86.944378162
-86.944378539
-86.944378921
-86.944379309
-86.944379703
-86.944380102
-86.944380507
-86.944380917
-86.944381333
-86.944381754
-86.944382180
-86.944382612
-86.944383049
-86.944383491
-86.944383939
-86.944384392
-86.944384850
-86.944385313
-86.944385781
-86.944386254
-86.944386732
-86.944387215
-86.944387703
-86.944388195
-86.944388693
-86.944389195
-86.944389702
-86.944390214
-86.944390730
-86.944391251
-86.944391777
-86.944392307
-86.944392842
-86.944393381
-86.944393924
-86.944394472
-86.944395024
-86.944395580
-86.944396141
-86.944396706
-86.944397275
-86.944397848
-86.944398426
-86.944399007
-86.944399592
-86.944400181
-86.944400775
-86.944401372
-86.944401973
-86.944402577
-86.944403186
-86.944403798
-86.944404414
-86.944405033
-86.944405657
-86.944406283
-86.944406913
-86.944407547
-86.944408184
-86.944408825
-86.944409469
-86.944410116
-86.944410766
-86.944411420
-86.944412077
-86.944412737
-86.944413400
-86.944413400
-86.944414169
-86.944414949
-86.944415740
-86.944416542
-86.944417356
-86.944418179
-86.944419014
-86.944419858
-86.944420713
-86.944421578
-86.944422452
-86.944423337
-86.944424230
-86.944425133
-86.944426045
-86.944426966
-86.944427896
-86.944428835
-86.944429781
-86.944430736
-86.944431699
-86.944432670
-86.944433649
-86.944434635
-86.944435629
-86.944436630
-86.944437638
-86.944438652
-86.944439674
-86.944440702
-86.944441736
-86.944442776
-86.944443822
-86.944444875
-86.944445932
-86.944446996
-86.944448064
-86.944449138
-86.944450216
-86.944451300
-86.944452388
-86.944453480
-86.944454577
-86.944455677
-86.944456782
-86.944457890
-86.944459002
-86.944460117
-86.944461236
-86.944462357
-86.944463482
-86.944464609
-86.944465738
-86.944466870
-86.944468004
-86.944469140
-86.944470278
-86.944471417
-86.944472558
-86.944473700
-86.944474843
-86.944475988
-86.944477133
-86.944478278
-86.944479424
-86.944480571
-86.944481717
-86.944482863
-86.944484009
-86.944485155
-86.944486300
-86.944487444
-86.944488587
-86.944489729
-86.944490870
-86.944492009
-86.944493146
-86.944494282
-86.944495416
-86.944496547
-86.944497677
-86.944498803
-86.944499927
-86.944501048
-86.944502166
-86.944503281
-86.944504392
-86.944505500
-86.944506604
-86.944507704
-86.944508800
-86.944509892
-86.944510979
-86.944512062
-86.944513140
-86.944514213
-86.944515281
-86.944516343
-86.944517400
-86.944517400
-86.944518419
-86.944519440
-86.944520462
-86.944521486
-86.944522510
-86.944523536
-86.944524562
-86.944525590
-86.944526619
-86.944527649
-86.944528680
-86.944529712
-86.944530744
-86.944531778
-86.944532812
-86.944533847
-86.944534883
-86.944535920
-86.944536957
-86.944537994
-86.944539033
-86.944540072
-86.944541111
-86.944542151
-86.944543191
-86.944544232
-86.944545273
-86.944546314
-86.944547356
-86.944548397
-86.944549439
-86.944550482
-86.944551524
-86.944552566
-86.944553608
-86.944554651
-86.944555693
-86.944556735
-86.944557777
-86.944558819
-86.944559861
-86.944560902
-86.944561943
-86.944562984
-86.944564025
-86.944565065
-86.944566104
-86.944567144
-86.944568182
-86.944569220
-86.944570258
-86.944571295
-86.944572331
-86.944573367
-86.944574401
-86.944575435
-86.944576468
-86.944577501
-86.944578532
-86.944579563
-86.944580592
-86.944581620
-86.944582648
-86.944583674
-86.944584699
-86.944585723
-86.944586746
-86.944587767
-86.944588788
-86.944589807
-86.944590824
-86.944591840
-86.944592855
-86.944593868
-86.944594880
-86.944595890
-86.944596898
-86.944597905
-86.944598910
-86.944599914
-86.944600915
-86.944601915
-86.944602913
-86.944603909
-86.944604904
-86.944605896
-86.944606886
-86.944607874
-86.944608861
-86.944609845
-86.944610827
-86.944611806
-86.944612784
-86.944613759
-86.944614732
-86.944615703
-86.944616671
-86.944617637
-86.944618600
-86.944618600
-86.944619493
-86.944620388
-86.944621284
-86.944622181
-86.944623080
-86.944623981
-86.944624882
-86.944625785
-86.944626689
-86.944627593
-86.944628499
-86.944629406
-86.944630313
-86.944631221
-86.944632129
-86.944633038
-86.944633947
-86.944634856
-86.944635766
-86.944636676
-86.944637586
-86.944638496
-86.944639406
-86.944640315
-86.944641224
-86.944642133
-86.944643042
-86.944643950
-86.944644857
-86.944645763
-86.944646669
-86.944647574
-86.944648478
-86.944649381
-86.944650283
-86.944651183
-86.944652083
-86.944652980
-86.944653877
-86.944654772
-86.944655665
-86.944656556
-86.944657446
-86.944658334
-86.944659220
-86.944660104
-86.944660985
-86.944661865
-86.944662742
-86.944663617
-86.944664489
-86.944665359
-86.944666226
-86.944667090
-86.944667952
-86.944668810
-86.944669666
-86.944670519
-86.944671368
-86.944672214
-86.944673057
-86.944673897
-86.944674733
-86.944675565
-86.944676394
-86.944677219
-86.944678040
-86.944678858
-86.944679671
-86.944680480
-86.944681285
-86.944682086
-86.944682883
-86.944683675
-86.944684463
-86.944685246
-86.944686024
-86.944686798
-86.944687567
-86.944688331
-86.944689090
-86.944689843
-86.944690592
-86.944691336
-86.944692074
-86.944692806
-86.944693533
-86.944694255
-86.944694971
-86.944695681
-86.944696386
-86.944697084
-86.944697776
-86.944698463
-86.944699143
-86.944699817
-86.944700484
-86.944701145
-86.944701800
-86.944701800
-86.944702402
-86.944703004
-86.944703607
-86.944704209
-86.944704811
-86.944705414
-86.944706015
-86.944706617
-86.944707218
-86.944707818
-86.944708418
-86.944709016
-86.944709614
-86.944710211
-86.944710806
-86.944711400
-86.944711993
-86.944712585
-86.944713174
-86.944713762
-86.944714348
-86.944714933
-86.944715515
-86.944716095
-86.944716672
-86.944717248
-86.944717820
-86.944718391
-86.944718958
-86.944719523
-86.944720084
-86.944720643
-86.944721199
-86.944721751
-86.944722300
-86.944722845
-86.944723387
-86.944723925
-86.944724459
-86.944724990
-86.944725516
-86.944726038
-86.944726556
-86.944727070
-86.944727579
-86.944728084
-86.944728584
-86.944729079
-86.944729569
-86.944730054
-86.944730534
-86.944731009
-86.944731478
-86.944731942
-86.944732401
-86.944732854
-86.944733301
-86.944733742
-86.944734177
-86.944734606
-86.944735029
-86.944735445
-86.944735855
-86.944736258
-86.944736655
-86.944737045
-86.944737428
-86.944737804
-86.944738174
-86.944738535
-86.944738890
-86.944739237
-86.944739576
-86.944739908
-86.944740233
-86.944740549
-86.944740857
-86.944741157
-86.944741449
-86.944741733
-86.944742008
-86.944742275
-86.944742533
-86.944742783
-86.944743023
-86.944743255
-86.944743477
-86.944743691
-86.944743895
-86.944744089
-86.944744274
-86.944744450
-86.944744616
-86.944744772
-86.944744918
-86.944745054
-86.944745179
-86.944745295
-86.944745400
-86.944745400
-86.944745542
-86.944745635
-86.944745679
-86.944745676
-86.944745626
-86.944745531
-86.944745391
-86.944745207
-86.944744981
-86.944744712
-86.944744403
-86.944744054
-86.944743666
-86.944743240
-86.944742776
-86.944742277
-86.944741742
-86.944741173
-86.944740571
-86.944739936
-86.944739269
-86.944738573
-86.944737846
-86.944737091
-86.944736308
-86.944735498
-86.944734663
-86.944733803
-86.944732918
-86.944732011
-86.944731082
-86.944730131
-86.944729160
-86.944728170
-86.944727162
-86.944726136
-86.944725094
-86.944724037
-86.944722964
-86.944721879
-86.944720780
-86.944719670
-86.944718549
-86.944717419
-86.944716279
-86.944715131
-86.944713977
-86.944712816
-86.944711650
-86.944710480
-86.944709307
-86.944708131
-86.944706954
-86.944705777
-86.944704600
-86.944703424
-86.944702251
-86.944701081
-86.944699916
-86.944698756
-86.944697602
-86.944696455
-86.944695316
-86.944694186
-86.944693065
-86.944691956
-86.944690859
-86.944689774
-86.944688703
-86.944687647
-86.944686606
-86.944685581
-86.944684575
-86.944683586
-86.944682617
-86.944681668
-86.944680740
-86.944679835
-86.944678952
-86.944678094
-86.944677260
-86.944676453
-86.944675672
-86.944674919
-86.944674195
-86.944673500
-86.944672836
-86.944672204
-86.944671604
-86.944671038
-86.944670506
-86.944670009
-86.944669549
-86.944669125
-86.944668740
-86.944668394
-86.944668088
-86.944667823
-86.944667600
-86.944667600
-86.944667512
-86.944667427
-86.944667343
-86.944667262
-86.944667183
-86.944667106
-86.944667031
-86.944666958
-86.944666887
-86.944666819
-86.944666753
-86.944666689
-86.944666627
-86.944666568
-86.944666510
-86.944666455
-86.944666402
-86.944666351
-86.944666302
-86.944666256
-86.944666212
-86.944666170
-86.944666130
-86.944666093
-86.944666058
-86.944666025
-86.944665994
-86.944665966
-86.944665939
-86.944665916
-86.944665894
-86.944665874
-86.944665857
-86.944665843
-86.944665830
-86.944665820
-86.944665812
-86.944665806
-86.944665803
-86.944665802
-86.944665803
-86.944665807
-86.944665813
-86.944665821
-86.944665832
-86.944665845
-86.944665860
-86.944665878
-86.944665898
-86.944665920
-86.944665945
-86.944665972
-86.944666001
-86.944666033
-86.944666067
-86.944666104
-86.944666143
-86.944666184
-86.944666228
-86.944666274
-86.944666323
-86.944666374
-86.944666427
-86.944666483
-86.944666542
-86.944666602
-86.944666665
-86.944666731
-86.944666799
-86.944666870
-86.944666943
-86.944667018
-86.944667096
-86.944667176
-86.944667259
-86.944667344
-86.944667432
-86.944667522
-86.944667615
-86.944667710
-86.944667808
-86.944667908
-86.944668011
-86.944668116
-86.944668224
-86.944668334
-86.944668447
-86.944668562
-86.944668680
-86.944668801
-86.944668924
-86.944669049
-86.944669177
-86.944669308
-86.944669441
-86.944669577
-86.944669716
-86.944669856
-86.944670000
-86.944670000
-86.944670165
-86.944670333
-86.944670503
-86.944670677
-86.944670852
-86.944671031
-86.944671212
-86.944671396
-86.944671583
-86.944671772
-86.944671964
-86.944672159
-86.944672357
-86.944672558
-86.944672761
-86.944672967
-86.944673176
-86.944673388
-86.944673603
-86.944673821
-86.944674042
-86.944674266
-86.944674492
-86.944674722
-86.944674954
-86.944675190
-86.944675428
-86.944675670
-86.944675915
-86.944676162
-86.944676413
-86.944676667
-86.944676924
-86.944677184
-86.944677447
-86.944677714
-86.944677983
-86.944678256
-86.944678532
-86.944678811
-86.944679093
-86.944679379
-86.944679668
-86.944679960
-86.944680255
-86.944680554
-86.944680856
-86.944681161
-86.944681470
-86.944681782
-86.944682097
-86.944682416
-86.944682738
-86.944683064
-86.944683393
-86.944683726
-86.944684061
-86.944684401
-86.944684744
-86.944685090
-86.944685440
-86.944685794
-86.944686151
-86.944686511
-86.944686876
-86.944687244
-86.944687615
-86.944687990
-86.944688369
-86.944688751
-86.944689137
-86.944689527
-86.944689920
-86.944690318
-86.944690718
-86.944691123
-86.944691531
-86.944691944
-86.944692360
-86.944692779
-86.944693203
-86.944693631
-86.944694062
-86.944694497
-86.944694936
-86.944695379
-86.944695826
-86.944696277
-86.944696732
-86.944697190
-86.944697653
-86.944698120
-86.944698591
-86.944699065
-86.944699544
-86.944700027
-86.944700514
-86.944701005
-86.944701500
-86.944701500
-86.944702289
-86.944703104
-86.944703944
-86.944704809
-86.944705697
-86.944706609
-86.944707543
-86.944708500
-86.944709479
-86.944710479
-86.944711501
-86.944712542
-86.944713603
-86.944714683
-86.944715782
-86.944716899
-86.944718034
-86.944719186
-86.944720355
-86.944721540
-86.944722741
-86.944723956
-86.944725186
-86.944726430
-86.944727688
-86.944728958
-86.944730242
-86.944731537
-86.944732843
-86.944734160
-86.944735488
-86.944736826
-86.944738173
-86.944739528
-86.944740893
-86.944742264
-86.944743644
-86.944745029
-86.944746421
-86.944747819
-86.944749222
-86.944750630
-86.944752041
-86.944753457
-86.944754875
-86.944756296
-86.944757719
-86.944759144
-86.944760569
-86.944761995
-86.944763421
-86.944764846
-86.944766271
-86.944767693
-86.944769114
-86.944770532
-86.944771947
-86.944773358
-86.944774765
-86.944776167
-86.944777564
-86.944778955
-86.944780340
-86.944781717
-86.944783088
-86.944784451
-86.944785805
-86.944787151
-86.944788487
-86.944789813
-86.944791129
-86.944792433
-86.944793726
-86.944795008
-86.944796276
-86.944797532
-86.944798773
-86.944800001
-86.944801214
-86.944802412
-86.944803595
-86.944804761
-86.944805910
-86.944807042
-86.944808157
-86.944809253
-86.944810330
-86.944811388
-86.944812426
-86.944813444
-86.944814440
-86.944815416
-86.944816369
-86.944817300
-86.944818208
-86.944819093
-86.944819953
-86.944820789
-86.944821600
-86.944821600
-86.944822123
-86.944822644
-86.944823161
-86.944823675
-86.944824185
-86.944824693
-86.944825197
-86.944825698
-86.944826196
-86.944826691
-86.944827182
-86.944827670
-86.944828155
-86.944828637
-86.944829115
-86.944829589
-86.944830061
-86.944830529
-86.944830994
-86.944831455
-86.944831913
-86.944832367
-86.944832818
-86.944833265
-86.944833709
-86.944834150
-86.944834586
-86.944835020
-86.944835450
-86.944835876
-86.944836299
-86.944836718
-86.944837133
-86.944837545
-86.944837953
-86.944838358
-86.944838759
-86.944839156
-86.944839549
-86.944839939
-86.944840325
-86.944840707
-86.944841086
-86.944841461
-86.944841832
-86.944842199
-86.944842562
-86.944842922
-86.944843277
-86.944843629
-86.944843977
-86.944844321
-86.944844661
-86.944844997
-86.944845329
-86.944845657
-86.944845981
-86.944846302
-86.944846618
-86.944846930
-86.944847238
-86.944847542
-86.944847842
-86.944848138
-86.944848430
-86.944848718
-86.944849001
-86.944849281
-86.944849556
-86.944849827
-86.944850094
-86.944850356
-86.944850615
-86.944850869
-86.944851119
-86.944851365
-86.944851606
-86.944851843
-86.944852076
-86.944852304
-86.944852528
-86.944852748
-86.944852963
-86.944853174
-86.944853381
-86.944853583
-86.944853780
-86.944853974
-86.944854162
-86.944854347
-86.944854526
-86.944854701
-86.944854872
-86.944855038
-86.944855200
-86.944855357
-86.944855509
-86.944855657
-86.944855800
-86.944855800
-86.944855926
-86.944856049
-86.944856168
-86.944856283
-86.944856395
-86.944856503
-86.944856607
-86.944856708
-86.944856804
-86.944856898
-86.944856987
-86.944857074
-86.944857156
-86.944857235
-86.944857310
-86.944857382
-86.944857450
-86.944857514
-86.944857575
-86.944857633
-86.944857687
-86.944857737
-86.944857784
-86.944857827
-86.944857867
-86.944857903
-86.944857936
-86.944857966
-86.944857992
-86.944858014
-86.944858033
-86.944858049
-86.944858061
-86.944858069
-86.944858075
-86.944858076
-86.944858075
-86.944858070
-86.944858062
-86.944858050
-86.944858035
-86.944858016
-86.944857995
-86.944857969
-86.944857941
-86.944857909
-86.944857874
-86.944857836
-86.944857794
-86.944857749
-86.944857701
-86.944857649
-86.944857595
-86.944857537
-86.944857475
-86.944857411
-86.944857343
-86.944857272
-86.944857198
-86.944857121
-86.944857040
-86.944856956
-86.944856869
-86.944856779
-86.944856686
-86.944856590
-86.944856490
-86.944856387
-86.944856282
-86.944856173
-86.944856061
-86.944855946
-86.944855828
-86.944855706
-86.944855582
-86.944855455
-86.944855324
-86.944855191
-86.944855054
-86.944854915
-86.944854772
-86.944854627
-86.944854478
-86.944854326
-86.944854172
-86.944854014
-86.944853854
-86.944853690
-86.944853524
-86.944853355
-86.944853182
-86.944853007
-86.944852829
-86.944852648
-86.944852464
-86.944852278
-86.944852088
-86.944851895
-86.944851700
