-86.9444966
-86.9444047
-86.9443511
-86.9442847
-86.9442237
-86.9441378
-86.9441003
-86.9440681
-86.9440473
-86.9440212
-86.9439957
-86.9439803
-86.9439575
-86.943928
-86.9437778
-86.9437636
-86.9437556
-86.943757
-86.943759
-86.943761
-86.9437603
-86.9437623
-86.943765
-86.9437804
-86.9438052
-86.9438274
-86.9438549
-86.9438944
-86.9439239
-86.943942
-86.9439615
-86.9439722
-86.9439762
-86.9439736
-86.9439729
-86.9439829
-86.943997
-86.9440171
-86.9440446
-86.9440708
-86.9440996
-86.9441251
-86.9441398
-86.9441452
-86.9441425
-86.9441305
-86.9441117
-86.9440949
-86.9440735
-86.9440554
-86.9440426
-86.9440339
-86.9440392
-86.9440547
-86.9440875
-86.9441177
-86.9441466
-86.9441868
-86.9442304
-86.9442666
-86.9442954
-86.9443236
-86.9443511
-86.9443826
-86.9444067
-86.9444175
-86.9444262
-86.9444242
-86.9444161
-86.9444054
-86.9443953
-86.9443853
-86.9443779
-86.9443705
-86.9443665
-86.9443712
-86.94439
-86.9444175
-86.944461
-86.9444999
-86.9445375
-86.944575
-86.944622
-86.9446548
-86.9446944
-86.9447159
-86.9447346
-86.9447413
-86.944738
-86.9447319
-86.9447172
-86.9446964
-86.9446817
-86.9446702
-86.9446669
-86.9446662
-86.9446709
-86.944689
-86.9447212
-86.9447641
-86.9448091
-86.9448278
-86.9448453
-86.9448506
-86.944854
-86.9448513
-86.9448399
-86.9448158
-86.9447755
-86.9447212
-86.9446615
-86.9446106
-86.9445589
-86.9444966
